frame: 3
bbox: [289, 1035, 174, 540]
kpoint: [[1130, 341], [1142, 333], [1120, 332], [1158, 343], [1103, 342], [1172, 408], [1080, 406], [1185, 488], [1055, 483], [1176, 569], [1066, 561], [1153, 563], [1088, 562], [1163, 671], [1076, 676], [1171, 780], [1069, 788]]
score: [0.98420066, 0.96603984, 0.9417951, 0.8331674, 0.70378006, 0.99427146, 0.9919647, 0.974518, 0.95928633, 0.95761883, 0.9389115, 0.9959512, 0.99517405, 0.98887664, 0.9855843, 0.9634876, 0.95550233]
id: 0
frame: 3
bbox: [278, 569, 204, 530]
kpoint: [[661, 326], [669, 317], [651, 317], [678, 325], [631, 325], [699, 393], [606, 392], [727, 466], [588, 473], [755, 524], [589, 543], [691, 547], [631, 548], [694, 660], [632, 660], [688, 765], [637, 764]]
score: [0.9775299, 0.93397266, 0.9666764, 0.60871965, 0.8528636, 0.9948436, 0.99638677, 0.9802639, 0.9879853, 0.9715949, 0.98115414, 0.99723405, 0.9979075, 0.99342746, 0.99511856, 0.9765094, 0.98055637]
id: 1
frame: 4
bbox: [297, 1034, 174, 534]
kpoint: [[1131, 352], [1142, 344], [1120, 343], [1158, 353], [1102, 352], [1173, 416], [1079, 414], [1185, 495], [1054, 490], [1171, 572], [1065, 566], [1153, 568], [1087, 567], [1166, 672], [1074, 675], [1171, 782], [1068, 787]]
score: [0.98253703, 0.95924205, 0.9396215, 0.80444866, 0.70840514, 0.9933959, 0.9926824, 0.9715811, 0.96668154, 0.9550487, 0.9488178, 0.99591535, 0.9956741, 0.9886008, 0.9868437, 0.96283925, 0.95832986]
id: 0
frame: 4
bbox: [279, 569, 204, 531]
kpoint: [[661, 328], [671, 320], [649, 320], [679, 328], [627, 329], [694, 394], [606, 394], [727, 469], [586, 474], [755, 527], [591, 541], [689, 548], [633, 549], [690, 657], [634, 663], [685, 758], [635, 769]]
score: [0.98066574, 0.93070054, 0.9424125, 0.6620752, 0.7822339, 0.9938917, 0.99582076, 0.9775473, 0.98638666, 0.96939045, 0.97957003, 0.99754816, 0.9979054, 0.99238, 0.99290943, 0.9710245, 0.97147423]
id: 1
frame: 5
bbox: [305, 1034, 174, 527]
kpoint: [[1131, 366], [1142, 358], [1121, 356], [1157, 365], [1102, 363], [1171, 424], [1078, 421], [1182, 502], [1053, 497], [1167, 581], [1065, 575], [1151, 571], [1085, 569], [1164, 672], [1072, 675], [1170, 782], [1067, 787]]
score: [0.9824415, 0.95804405, 0.9396595, 0.79694116, 0.7097482, 0.993393, 0.9926938, 0.97302043, 0.9683232, 0.9578239, 0.9518666, 0.99579585, 0.9955258, 0.9879695, 0.9860324, 0.95987517, 0.9547263]
id: 0
frame: 5
bbox: [280, 568, 203, 531]
kpoint: [[660, 330], [669, 322], [647, 322], [679, 329], [626, 331], [694, 394], [606, 395], [726, 469], [586, 476], [752, 526], [591, 545], [689, 550], [633, 551], [690, 658], [634, 665], [685, 759], [635, 770]]
score: [0.98084545, 0.9348497, 0.9414159, 0.6803524, 0.7725626, 0.9939832, 0.99547803, 0.9776522, 0.9845924, 0.9688984, 0.97698, 0.9974732, 0.9977437, 0.9922829, 0.99249345, 0.97121733, 0.9708104]
id: 1
frame: 6
bbox: [314, 1033, 175, 520]
kpoint: [[1127, 374], [1139, 367], [1117, 365], [1157, 374], [1100, 371], [1171, 433], [1078, 429], [1182, 511], [1053, 505], [1167, 589], [1067, 586], [1149, 576], [1083, 574], [1164, 671], [1069, 675], [1170, 782], [1062, 788]]
score: [0.98307085, 0.9654879, 0.9366441, 0.835802, 0.67564476, 0.99381196, 0.9909561, 0.97366244, 0.9555938, 0.9562483, 0.93360573, 0.99534917, 0.99436224, 0.9875646, 0.9836459, 0.9606137, 0.95169026]
id: 0
frame: 6
bbox: [280, 567, 202, 531]
kpoint: [[662, 332], [671, 323], [650, 323], [678, 330], [627, 331], [693, 394], [605, 395], [724, 470], [586, 476], [749, 528], [590, 545], [688, 550], [633, 551], [689, 658], [632, 665], [685, 758], [634, 771]]
score: [0.9787555, 0.914617, 0.9411446, 0.6035659, 0.79475623, 0.9931607, 0.99622655, 0.97676927, 0.98944587, 0.97005165, 0.9840976, 0.99753606, 0.9980965, 0.9917574, 0.99304104, 0.9673486, 0.969858]
id: 1
frame: 7
bbox: [323, 1032, 176, 513]
kpoint: [[1123, 386], [1135, 378], [1114, 376], [1156, 383], [1099, 381], [1171, 439], [1079, 435], [1181, 517], [1055, 511], [1165, 596], [1068, 595], [1149, 580], [1083, 578], [1165, 674], [1069, 678], [1171, 783], [1062, 790]]
score: [0.9819089, 0.96690524, 0.93587893, 0.8467977, 0.67062616, 0.99278635, 0.9897041, 0.96894675, 0.94915736, 0.94346213, 0.9167114, 0.994548, 0.99351174, 0.98473155, 0.9804633, 0.9503961, 0.94049364]
id: 0
frame: 7
bbox: [281, 567, 199, 532]
kpoint: [[659, 333], [669, 325], [647, 325], [678, 332], [625, 333], [692, 396], [605, 396], [721, 470], [586, 476], [742, 527], [590, 546], [688, 550], [632, 551], [688, 658], [631, 665], [685, 759], [633, 770]]
score: [0.9802264, 0.9309607, 0.94109505, 0.6655209, 0.7761454, 0.9936308, 0.99549764, 0.9770307, 0.985357, 0.96868646, 0.9782229, 0.99736434, 0.99771273, 0.99181974, 0.99223846, 0.9691714, 0.96927243]
id: 1
frame: 8
bbox: [330, 1030, 176, 507]
kpoint: [[1121, 391], [1133, 383], [1111, 382], [1156, 389], [1097, 387], [1171, 446], [1079, 440], [1178, 526], [1052, 514], [1164, 605], [1066, 595], [1147, 585], [1081, 582], [1166, 679], [1068, 681], [1172, 786], [1059, 791]]
score: [0.982954, 0.9709673, 0.9370643, 0.86369014, 0.6576074, 0.99305516, 0.9888741, 0.9692994, 0.9421833, 0.9427245, 0.90662915, 0.9941652, 0.99269134, 0.98381364, 0.9782965, 0.9478782, 0.93565476]
id: 0
frame: 8
bbox: [282, 566, 194, 532]
kpoint: [[657, 333], [668, 325], [646, 325], [677, 333], [624, 333], [692, 397], [605, 397], [719, 472], [585, 477], [737, 531], [590, 547], [687, 551], [631, 552], [687, 659], [630, 666], [685, 760], [633, 771]]
score: [0.98131543, 0.9405278, 0.9425009, 0.70408285, 0.76754224, 0.99370176, 0.99495417, 0.9757599, 0.9817049, 0.96571547, 0.9727378, 0.9970643, 0.9973086, 0.9913086, 0.99129164, 0.9686772, 0.9676471]
id: 1
frame: 9
bbox: [336, 1030, 177, 502]
kpoint: [[1120, 398], [1132, 390], [1111, 388], [1154, 395], [1096, 391], [1169, 449], [1077, 444], [1178, 525], [1051, 519], [1163, 604], [1064, 602], [1147, 585], [1081, 583], [1163, 678], [1065, 682], [1171, 786], [1057, 793]]
score: [0.98350996, 0.9699812, 0.9352208, 0.85678464, 0.6386302, 0.9932253, 0.9891885, 0.9707906, 0.9451216, 0.9510685, 0.9187181, 0.99394435, 0.99241686, 0.98398143, 0.9784524, 0.95047015, 0.93867207]
id: 0
frame: 9
bbox: [282, 564, 189, 533]
kpoint: [[656, 333], [666, 325], [644, 325], [676, 332], [624, 333], [692, 396], [605, 397], [719, 472], [584, 477], [730, 534], [589, 549], [689, 552], [632, 552], [689, 664], [629, 667], [686, 766], [631, 772]]
score: [0.97994834, 0.93385124, 0.9413879, 0.69174165, 0.7598949, 0.9930361, 0.99427575, 0.97150975, 0.97943556, 0.9586827, 0.9687347, 0.99630034, 0.9967204, 0.9895092, 0.98962915, 0.96173924, 0.9608287]
id: 1
frame: 10
bbox: [282, 562, 183, 533]
kpoint: [[658, 335], [666, 325], [647, 325], [675, 332], [627, 331], [695, 397], [601, 397], [714, 475], [584, 480], [726, 539], [587, 551], [688, 553], [626, 554], [691, 665], [625, 666], [685, 769], [632, 771]]
score: [0.9786695, 0.93948996, 0.9662887, 0.63404936, 0.8445961, 0.9949099, 0.99595445, 0.9786195, 0.9838986, 0.96746105, 0.9747867, 0.99673945, 0.99732554, 0.9920512, 0.9934963, 0.972527, 0.9754564]
id: 1
frame: 10
bbox: [340, 1029, 177, 497]
kpoint: [[1119, 404], [1131, 395], [1110, 393], [1153, 399], [1095, 396], [1167, 451], [1076, 448], [1177, 526], [1051, 523], [1162, 608], [1064, 607], [1145, 585], [1080, 583], [1162, 679], [1064, 681], [1171, 788], [1056, 792]]
score: [0.983795, 0.9698158, 0.93722606, 0.85311013, 0.64396954, 0.99304634, 0.9895046, 0.97037977, 0.94815147, 0.9512207, 0.92306817, 0.9937371, 0.99235386, 0.9832356, 0.9780003, 0.947567, 0.9363235]
id: 0
frame: 11
bbox: [283, 562, 177, 533]
kpoint: [[657, 333], [666, 324], [646, 324], [676, 332], [627, 331], [696, 398], [601, 398], [714, 477], [588, 480], [722, 544], [587, 551], [687, 553], [626, 555], [689, 665], [625, 667], [684, 771], [632, 775]]
score: [0.9756801, 0.92920196, 0.96768737, 0.5825668, 0.8685464, 0.99332124, 0.9967938, 0.9654429, 0.98794484, 0.9507697, 0.9786274, 0.9974011, 0.99837434, 0.9951885, 0.9970872, 0.9849762, 0.9895448]
id: 1
frame: 11
bbox: [344, 1028, 177, 493]
kpoint: [[1117, 407], [1129, 399], [1109, 397], [1151, 402], [1095, 400], [1168, 454], [1075, 449], [1176, 529], [1047, 522], [1163, 610], [1062, 605], [1144, 586], [1078, 583], [1161, 677], [1062, 679], [1170, 788], [1055, 793]]
score: [0.98341244, 0.96926045, 0.9340888, 0.8544552, 0.6308302, 0.9931885, 0.98971194, 0.9715263, 0.95003307, 0.95306206, 0.92578185, 0.99401957, 0.9926965, 0.9839586, 0.97896886, 0.94915056, 0.9383575]
id: 0
frame: 12
bbox: [284, 562, 172, 533]
kpoint: [[657, 333], [665, 324], [646, 324], [675, 332], [626, 332], [696, 399], [601, 398], [710, 479], [589, 480], [714, 548], [587, 551], [686, 555], [624, 556], [688, 667], [624, 668], [683, 773], [632, 775]]
score: [0.9771838, 0.936766, 0.96699274, 0.6181545, 0.8570821, 0.9945794, 0.9966737, 0.975895, 0.98761195, 0.9645568, 0.9794783, 0.9977162, 0.9983388, 0.99554175, 0.9968029, 0.9849916, 0.9880994]
id: 1
frame: 12
bbox: [347, 1026, 178, 490]
kpoint: [[1116, 409], [1127, 401], [1107, 399], [1149, 404], [1093, 402], [1166, 454], [1073, 452], [1176, 527], [1046, 526], [1161, 609], [1061, 611], [1144, 587], [1077, 586], [1161, 678], [1062, 682], [1170, 788], [1054, 794]]
score: [0.9835887, 0.96940076, 0.9366008, 0.8531036, 0.6406288, 0.99292445, 0.98983055, 0.96959394, 0.9500766, 0.95001686, 0.9247643, 0.99381596, 0.99265224, 0.9834833, 0.97892326, 0.9487009, 0.9388512]
id: 0
frame: 13
bbox: [284, 563, 169, 533]
kpoint: [[657, 335], [665, 325], [646, 325], [675, 332], [626, 332], [695, 398], [600, 398], [709, 479], [589, 480], [712, 547], [587, 551], [685, 555], [624, 556], [687, 668], [623, 669], [682, 773], [631, 776]]
score: [0.9784378, 0.9397359, 0.9684522, 0.6241502, 0.8604045, 0.9951461, 0.9967816, 0.9805288, 0.98865616, 0.97153854, 0.9819026, 0.99792236, 0.99841285, 0.9958448, 0.99684095, 0.98531103, 0.9877958]
id: 1
frame: 13
bbox: [350, 1024, 179, 487]
kpoint: [[1115, 412], [1126, 403], [1106, 402], [1147, 406], [1091, 404], [1164, 456], [1071, 453], [1174, 529], [1044, 526], [1162, 609], [1059, 609], [1143, 587], [1076, 585], [1160, 678], [1060, 679], [1169, 790], [1052, 794]]
score: [0.9834418, 0.96851367, 0.93585765, 0.84821475, 0.64512384, 0.9932963, 0.98989326, 0.97256076, 0.9520874, 0.9547513, 0.928861, 0.9941864, 0.99289, 0.9843215, 0.97933125, 0.94974107, 0.93875533]
id: 0
frame: 14
bbox: [285, 563, 167, 533]
kpoint: [[656, 335], [665, 325], [645, 325], [674, 332], [625, 332], [694, 398], [600, 398], [710, 478], [589, 480], [713, 546], [587, 551], [684, 555], [622, 556], [686, 668], [622, 669], [682, 774], [631, 776]]
score: [0.97875124, 0.9411675, 0.9686961, 0.6302084, 0.8593722, 0.995241, 0.9967564, 0.9813076, 0.98863715, 0.9726803, 0.9820306, 0.9979189, 0.998386, 0.9957776, 0.99674404, 0.9848563, 0.9872787]
id: 1
frame: 14
bbox: [353, 1022, 180, 484]
kpoint: [[1112, 414], [1124, 404], [1104, 403], [1145, 408], [1092, 404], [1167, 461], [1065, 455], [1173, 536], [1044, 530], [1160, 605], [1054, 609], [1144, 592], [1073, 590], [1167, 674], [1056, 672], [1166, 788], [1050, 788]]
score: [0.98085207, 0.9622739, 0.95434, 0.7657665, 0.6981603, 0.9936089, 0.9942853, 0.97583187, 0.978037, 0.96512854, 0.96940416, 0.994843, 0.99527574, 0.98810405, 0.98946315, 0.9606348, 0.9650154]
id: 0
frame: 15
bbox: [285, 564, 167, 533]
kpoint: [[656, 335], [664, 326], [644, 326], [674, 333], [624, 333], [694, 398], [599, 399], [711, 478], [588, 481], [713, 546], [587, 551], [684, 555], [622, 556], [686, 667], [621, 669], [681, 773], [631, 776]]
score: [0.97810966, 0.9413123, 0.96709263, 0.6394519, 0.8526048, 0.9954015, 0.9965734, 0.98175484, 0.987306, 0.9725099, 0.9800009, 0.9979977, 0.9983637, 0.9959983, 0.9967399, 0.9857774, 0.98755264]
id: 1
frame: 15
bbox: [358, 1020, 181, 479]
kpoint: [[1112, 421], [1123, 411], [1104, 410], [1144, 413], [1091, 410], [1167, 465], [1063, 460], [1173, 543], [1043, 534], [1159, 616], [1054, 613], [1144, 595], [1071, 593], [1169, 680], [1055, 678], [1168, 789], [1048, 790]]
score: [0.9799849, 0.95937806, 0.95506847, 0.7508424, 0.7173982, 0.9932997, 0.9944986, 0.9720218, 0.97801876, 0.9585436, 0.9676684, 0.994525, 0.99524087, 0.9866207, 0.9888334, 0.955437, 0.9620156]
id: 0
frame: 16
bbox: [286, 564, 166, 533]
kpoint: [[656, 336], [664, 326], [644, 326], [673, 333], [624, 333], [693, 398], [598, 399], [710, 478], [588, 481], [712, 547], [587, 551], [684, 554], [622, 556], [686, 666], [620, 668], [681, 773], [630, 776]]
score: [0.97793555, 0.93841165, 0.9683459, 0.6200844, 0.8624247, 0.9950882, 0.9967122, 0.9798656, 0.9881472, 0.97033393, 0.98097277, 0.99791414, 0.9984003, 0.99591005, 0.9968863, 0.98575664, 0.98814523]
id: 1
frame: 16
bbox: [363, 1019, 181, 476]
kpoint: [[1109, 425], [1121, 416], [1102, 414], [1143, 420], [1089, 414], [1166, 471], [1060, 464], [1172, 550], [1042, 540], [1157, 621], [1053, 620], [1145, 597], [1071, 595], [1171, 681], [1053, 679], [1171, 790], [1047, 790]]
score: [0.97987646, 0.96049976, 0.9532025, 0.76090866, 0.7015623, 0.993347, 0.9943807, 0.9722166, 0.9770846, 0.95830595, 0.9663343, 0.9945459, 0.9951919, 0.9869135, 0.9889276, 0.95689875, 0.963007]
id: 0
frame: 17
bbox: [286, 564, 166, 533]
kpoint: [[656, 337], [664, 327], [644, 327], [672, 333], [623, 333], [692, 398], [597, 398], [709, 479], [587, 481], [711, 548], [586, 550], [682, 554], [620, 556], [685, 666], [620, 668], [679, 772], [629, 776]]
score: [0.9776349, 0.93537027, 0.9692996, 0.601677, 0.8705497, 0.99481034, 0.9966943, 0.9782024, 0.98814464, 0.9681027, 0.98072755, 0.997745, 0.99831474, 0.9955128, 0.99667454, 0.9843723, 0.9872202]
id: 1
frame: 17
bbox: [374, 1018, 182, 471]
kpoint: [[1108, 433], [1119, 423], [1099, 422], [1140, 426], [1086, 424], [1164, 477], [1058, 475], [1169, 556], [1044, 553], [1156, 628], [1054, 632], [1145, 600], [1070, 600], [1173, 681], [1049, 681], [1174, 789], [1047, 792]]
score: [0.98182434, 0.96403605, 0.9577251, 0.7763934, 0.7228699, 0.99472046, 0.9953564, 0.97891974, 0.9814627, 0.96716124, 0.9720571, 0.99546874, 0.9959055, 0.9887794, 0.99022025, 0.96165323, 0.96634096]
id: 0
frame: 18
bbox: [286, 563, 166, 534]
kpoint: [[655, 337], [663, 327], [644, 328], [672, 334], [623, 334], [692, 398], [596, 399], [708, 478], [586, 481], [709, 547], [585, 549], [682, 555], [620, 556], [684, 667], [619, 669], [679, 773], [628, 776]]
score: [0.9779658, 0.9368873, 0.96935874, 0.6083457, 0.86897665, 0.99488384, 0.99668473, 0.9789646, 0.98822474, 0.9692883, 0.9810364, 0.9977094, 0.99827135, 0.9953369, 0.9965057, 0.9835202, 0.98640656]
id: 1
frame: 18
bbox: [387, 1016, 183, 466]
kpoint: [[1108, 440], [1119, 430], [1099, 430], [1139, 434], [1085, 433], [1166, 487], [1056, 484], [1168, 570], [1044, 565], [1151, 642], [1058, 643], [1146, 607], [1069, 606], [1175, 688], [1047, 687], [1171, 790], [1046, 791]]
score: [0.9817631, 0.9635785, 0.95915246, 0.7744599, 0.7384213, 0.9950225, 0.9956047, 0.9794102, 0.9820682, 0.9664591, 0.9718754, 0.9953286, 0.99578166, 0.9878313, 0.98936963, 0.95877355, 0.9636528]
id: 0
frame: 19
bbox: [287, 562, 166, 534]
kpoint: [[655, 337], [663, 327], [643, 327], [671, 333], [622, 334], [691, 398], [596, 399], [708, 478], [586, 481], [709, 547], [585, 551], [681, 555], [619, 557], [684, 668], [618, 669], [678, 774], [628, 777]]
score: [0.9776488, 0.93484944, 0.96979487, 0.59875315, 0.87351936, 0.99477106, 0.9967206, 0.9778571, 0.9882841, 0.967693, 0.9808889, 0.9977157, 0.9983107, 0.99543023, 0.99664634, 0.98406905, 0.9870518]
id: 1
frame: 19
bbox: [391, 1015, 184, 459]
kpoint: [[1109, 449], [1121, 439], [1100, 438], [1140, 443], [1085, 441], [1167, 497], [1054, 494], [1166, 586], [1042, 581], [1141, 665], [1063, 657], [1146, 617], [1067, 616], [1182, 692], [1049, 692], [1165, 790], [1041, 792]]
score: [0.9796291, 0.9613567, 0.9511811, 0.7952687, 0.7140145, 0.99635375, 0.99545145, 0.98549694, 0.97785527, 0.97245634, 0.9647241, 0.9964638, 0.99627256, 0.9916188, 0.99137586, 0.973679, 0.9730209]
id: 0
frame: 20
bbox: [287, 562, 166, 534]
kpoint: [[654, 336], [662, 327], [642, 327], [670, 333], [620, 334], [691, 399], [594, 400], [706, 480], [584, 482], [708, 548], [585, 552], [680, 556], [618, 558], [683, 669], [617, 670], [678, 776], [627, 777]]
score: [0.9771035, 0.93612635, 0.96783876, 0.6156329, 0.86363816, 0.99496275, 0.9965037, 0.97843665, 0.98673075, 0.9674607, 0.9784583, 0.9977551, 0.9982419, 0.99550474, 0.99650085, 0.9843408, 0.9867073]
id: 1
frame: 21
bbox: [287, 562, 165, 534]
kpoint: [[653, 336], [661, 327], [642, 327], [669, 333], [620, 334], [690, 399], [594, 400], [706, 480], [584, 483], [707, 548], [584, 554], [680, 557], [618, 558], [682, 669], [617, 671], [677, 776], [626, 778]]
score: [0.97664, 0.9349309, 0.9668881, 0.61466604, 0.86127883, 0.994972, 0.99643505, 0.97835946, 0.9862027, 0.9670302, 0.9775645, 0.9977623, 0.99822396, 0.99550724, 0.996451, 0.9843753, 0.9865843]
id: 1
frame: 21
bbox: [419, 1013, 186, 445]
kpoint: [[1108, 471], [1119, 461], [1098, 460], [1137, 465], [1083, 463], [1164, 519], [1053, 517], [1166, 605], [1042, 600], [1136, 677], [1068, 674], [1144, 634], [1066, 634], [1174, 694], [1043, 694], [1166, 790], [1047, 792]]
score: [0.97923076, 0.9580186, 0.95641196, 0.7640036, 0.7576071, 0.9951108, 0.99542326, 0.9765876, 0.9779896, 0.95702034, 0.96190387, 0.9939759, 0.9943382, 0.98445845, 0.9857732, 0.95440227, 0.95815516]
id: 0
frame: 22
bbox: [286, 561, 165, 535]
kpoint: [[653, 339], [662, 331], [640, 331], [668, 337], [617, 340], [683, 401], [597, 403], [709, 479], [579, 483], [705, 545], [585, 553], [676, 556], [620, 558], [679, 666], [619, 672], [680, 767], [626, 777]]
score: [0.9760154, 0.91613835, 0.93803304, 0.6401146, 0.79226065, 0.99117166, 0.99494994, 0.96770823, 0.98448664, 0.95451045, 0.97474617, 0.9957573, 0.9967128, 0.9842493, 0.986656, 0.9345888, 0.9396181]
id: 1
frame: 22
bbox: [429, 1011, 188, 434]
kpoint: [[1107, 482], [1118, 471], [1097, 471], [1136, 475], [1081, 476], [1163, 529], [1054, 528], [1167, 615], [1042, 608], [1134, 684], [1071, 677], [1142, 642], [1066, 642], [1168, 698], [1040, 697], [1163, 792], [1048, 791]]
score: [0.97976893, 0.95852256, 0.95870036, 0.7626076, 0.7698117, 0.99538887, 0.99563414, 0.97985864, 0.980823, 0.9637259, 0.96766025, 0.99382985, 0.99419475, 0.9835637, 0.984795, 0.95156556, 0.9549651]
id: 0
frame: 23
bbox: [439, 1010, 190, 423]
kpoint: [[1106, 492], [1117, 482], [1097, 481], [1135, 486], [1082, 485], [1162, 539], [1053, 537], [1167, 625], [1045, 620], [1134, 689], [1076, 687], [1142, 650], [1066, 649], [1167, 699], [1036, 698], [1163, 791], [1048, 792]]
score: [0.9791758, 0.9562714, 0.9575019, 0.75507367, 0.77001846, 0.9953086, 0.99576813, 0.979254, 0.9814508, 0.9623114, 0.9675211, 0.99329704, 0.99384296, 0.98180526, 0.9835196, 0.947333, 0.9517508]
id: 0
frame: 23
bbox: [286, 560, 165, 536]
kpoint: [[651, 339], [661, 330], [639, 330], [668, 337], [616, 339], [683, 401], [596, 404], [709, 479], [578, 483], [705, 544], [584, 553], [676, 557], [619, 558], [679, 667], [619, 672], [679, 768], [625, 777]]
score: [0.9764341, 0.92008984, 0.9380789, 0.65415823, 0.7884212, 0.9913967, 0.9948181, 0.9678325, 0.98342764, 0.95398355, 0.9730012, 0.9958288, 0.9966917, 0.9849128, 0.986914, 0.93833804, 0.9422607]
id: 1
frame: 24
bbox: [448, 1009, 191, 412]
kpoint: [[1106, 502], [1118, 491], [1096, 491], [1136, 496], [1079, 495], [1162, 548], [1051, 547], [1167, 635], [1043, 633], [1133, 704], [1083, 697], [1143, 655], [1065, 654], [1176, 705], [1040, 704], [1160, 793], [1039, 794]]
score: [0.9804103, 0.96116316, 0.95744276, 0.78740954, 0.7630715, 0.9967288, 0.9959412, 0.98810333, 0.9820713, 0.97688735, 0.97061276, 0.99499947, 0.99476695, 0.98670954, 0.9863045, 0.96115184, 0.95988184]
id: 0
frame: 24
bbox: [285, 560, 166, 536]
kpoint: [[648, 338], [658, 329], [636, 330], [667, 337], [615, 339], [683, 401], [595, 404], [709, 479], [578, 484], [704, 546], [584, 553], [675, 558], [618, 559], [678, 667], [618, 673], [678, 767], [624, 777]]
score: [0.97771406, 0.9313657, 0.9380348, 0.6971707, 0.77485335, 0.9919592, 0.9943226, 0.968134, 0.9796845, 0.95238197, 0.9669111, 0.9957918, 0.99641263, 0.98550457, 0.9865268, 0.94303197, 0.9442107]
id: 1
frame: 25
bbox: [455, 1009, 192, 401]
kpoint: [[1106, 511], [1117, 501], [1096, 500], [1135, 505], [1080, 505], [1160, 558], [1052, 557], [1165, 643], [1044, 638], [1128, 706], [1085, 703], [1141, 665], [1065, 665], [1169, 707], [1035, 707], [1162, 790], [1046, 790]]
score: [0.980695, 0.95608765, 0.9636644, 0.7415561, 0.8086562, 0.99515706, 0.9963228, 0.977785, 0.9849554, 0.96065956, 0.97250843, 0.9911209, 0.9926209, 0.9729125, 0.9779489, 0.9239277, 0.93527865]
id: 0
frame: 25
bbox: [285, 559, 165, 536]
kpoint: [[646, 338], [656, 330], [634, 330], [666, 337], [614, 338], [682, 401], [595, 404], [709, 478], [578, 484], [703, 544], [584, 554], [674, 558], [618, 559], [677, 668], [617, 674], [678, 768], [623, 777]]
score: [0.978705, 0.9365113, 0.93834907, 0.7147731, 0.7654587, 0.99230784, 0.9941859, 0.96952724, 0.9786568, 0.95426506, 0.9656115, 0.9957936, 0.9962889, 0.98539263, 0.9859593, 0.9419764, 0.9419986]
id: 1
frame: 26
bbox: [461, 1008, 193, 391]
kpoint: [[1106, 520], [1117, 510], [1096, 509], [1134, 514], [1080, 512], [1159, 566], [1051, 563], [1166, 650], [1044, 644], [1128, 711], [1088, 707], [1139, 674], [1063, 673], [1171, 708], [1036, 706], [1160, 789], [1043, 789]]
score: [0.9797773, 0.95416224, 0.9616062, 0.74002194, 0.80212826, 0.99488115, 0.9960939, 0.9744556, 0.98287535, 0.9538245, 0.96797043, 0.9899092, 0.99161595, 0.9692273, 0.97527164, 0.91847783, 0.9314226]
id: 0
frame: 26
bbox: [285, 558, 165, 537]
kpoint: [[645, 338], [655, 329], [633, 329], [666, 336], [613, 338], [681, 400], [595, 403], [707, 478], [577, 482], [703, 544], [584, 553], [673, 557], [617, 558], [677, 668], [617, 674], [678, 769], [623, 777]]
score: [0.9782332, 0.9332549, 0.9367839, 0.70509213, 0.763351, 0.9923212, 0.99447507, 0.9704095, 0.9805578, 0.9561876, 0.9686451, 0.99603313, 0.99657744, 0.985952, 0.9867936, 0.9429549, 0.94387704]
id: 1
frame: 27
bbox: [467, 1007, 194, 381]
kpoint: [[1103, 528], [1115, 518], [1094, 518], [1133, 522], [1079, 521], [1159, 573], [1052, 570], [1165, 656], [1044, 647], [1122, 715], [1090, 711], [1139, 677], [1063, 676], [1172, 712], [1034, 710], [1163, 794], [1044, 791]]
score: [0.98016423, 0.9569757, 0.9593304, 0.7656159, 0.7807759, 0.99507254, 0.99617994, 0.9760611, 0.98363775, 0.9573221, 0.9699711, 0.99040157, 0.99203366, 0.9709489, 0.97666943, 0.9228086, 0.93531704]
id: 0
frame: 27
bbox: [284, 558, 165, 537]
kpoint: [[646, 337], [656, 329], [635, 329], [665, 336], [614, 337], [681, 399], [594, 402], [707, 476], [576, 482], [702, 543], [583, 553], [673, 556], [616, 557], [676, 666], [616, 672], [678, 768], [622, 776]]
score: [0.97722673, 0.9269738, 0.93535614, 0.68702585, 0.76965004, 0.9922869, 0.9948718, 0.9708538, 0.9826912, 0.9571875, 0.9716945, 0.99631906, 0.99693406, 0.9867916, 0.98797905, 0.94569516, 0.94772655]
id: 1
frame: 28
bbox: [473, 1006, 194, 373]
kpoint: [[1103, 535], [1115, 525], [1094, 524], [1134, 528], [1079, 528], [1159, 579], [1052, 576], [1167, 659], [1044, 652], [1123, 714], [1094, 710], [1138, 683], [1063, 681], [1171, 714], [1035, 712], [1159, 794], [1043, 793]]
score: [0.9803432, 0.9559076, 0.9600168, 0.75929695, 0.7867243, 0.9949898, 0.9964376, 0.9757747, 0.98553896, 0.9584583, 0.97350943, 0.9903663, 0.99243414, 0.9709768, 0.9780737, 0.9245353, 0.93954384]
id: 0
frame: 28
bbox: [284, 557, 165, 536]
kpoint: [[645, 338], [655, 329], [633, 329], [665, 336], [613, 337], [681, 399], [593, 401], [707, 476], [575, 481], [700, 544], [581, 555], [672, 555], [615, 556], [676, 665], [615, 671], [678, 767], [621, 775]]
score: [0.9778551, 0.9334395, 0.93561834, 0.71257895, 0.7621926, 0.9924129, 0.9944747, 0.97002965, 0.9798962, 0.9546383, 0.9668723, 0.9961049, 0.99662364, 0.98645633, 0.9871963, 0.946114, 0.94684166]
id: 1
frame: 29
bbox: [479, 1005, 194, 366]
kpoint: [[1103, 541], [1114, 531], [1094, 530], [1133, 533], [1080, 532], [1158, 582], [1051, 579], [1166, 662], [1043, 656], [1124, 716], [1095, 712], [1137, 687], [1062, 686], [1172, 713], [1036, 712], [1159, 792], [1044, 793]]
score: [0.9803405, 0.95445746, 0.9600707, 0.7492732, 0.7873649, 0.99467564, 0.9965803, 0.9739388, 0.98665744, 0.95631707, 0.9750733, 0.9896065, 0.99231535, 0.96844673, 0.97779286, 0.92022514, 0.9393815]
id: 0
frame: 29
bbox: [283, 556, 166, 536]
kpoint: [[645, 338], [655, 330], [633, 330], [665, 336], [613, 337], [681, 398], [593, 400], [707, 475], [574, 479], [698, 541], [580, 551], [672, 555], [614, 556], [675, 664], [615, 670], [677, 767], [621, 774]]
score: [0.9772684, 0.9279794, 0.9360211, 0.69169176, 0.7696599, 0.9921261, 0.9948995, 0.96941984, 0.9824547, 0.95503366, 0.9709244, 0.9962916, 0.996967, 0.986975, 0.9883541, 0.94770575, 0.9502889]
id: 1
frame: 30
bbox: [483, 1006, 194, 359]
kpoint: [[1102, 545], [1114, 535], [1093, 534], [1134, 538], [1080, 537], [1159, 586], [1052, 583], [1165, 666], [1043, 660], [1123, 719], [1096, 714], [1135, 690], [1060, 689], [1174, 711], [1039, 710], [1158, 792], [1045, 792]]
score: [0.98080486, 0.9571679, 0.9578231, 0.76686925, 0.7628976, 0.99486226, 0.99641067, 0.97520113, 0.9855913, 0.95742506, 0.9733453, 0.98927957, 0.9917087, 0.96705455, 0.9759187, 0.91793925, 0.93609345]
id: 0
frame: 30
bbox: [284, 555, 168, 535]
kpoint: [[646, 338], [656, 329], [635, 329], [664, 336], [613, 337], [680, 397], [592, 401], [710, 467], [573, 478], [692, 529], [577, 549], [671, 555], [613, 556], [675, 665], [615, 671], [677, 767], [619, 775]]
score: [0.97666305, 0.92120034, 0.9378776, 0.6663678, 0.7846188, 0.99170554, 0.99531704, 0.9682193, 0.98473465, 0.95512503, 0.9745403, 0.99641466, 0.9972543, 0.98703533, 0.9891054, 0.9472068, 0.95179814]
id: 1
frame: 31
bbox: [488, 1006, 193, 353]
kpoint: [[1101, 549], [1113, 539], [1092, 538], [1134, 543], [1079, 541], [1159, 590], [1052, 587], [1164, 669], [1043, 664], [1122, 720], [1097, 715], [1137, 694], [1062, 694], [1173, 709], [1040, 709], [1155, 791], [1044, 793]]
score: [0.98147595, 0.9589634, 0.9571665, 0.7743809, 0.75003994, 0.99477684, 0.9964214, 0.975561, 0.986006, 0.9587977, 0.9743791, 0.9882703, 0.99105376, 0.96326125, 0.9734625, 0.90956914, 0.9302163]
id: 0
frame: 31
bbox: [284, 554, 170, 534]
kpoint: [[645, 338], [655, 330], [634, 330], [663, 336], [612, 338], [679, 395], [591, 402], [713, 460], [572, 479], [685, 508], [576, 550], [671, 553], [613, 555], [672, 663], [615, 669], [676, 766], [619, 773]]
score: [0.9780491, 0.9230088, 0.9398024, 0.66224307, 0.7844904, 0.9925259, 0.9956748, 0.9733877, 0.98660785, 0.96434194, 0.9786566, 0.9969434, 0.9976065, 0.98878735, 0.99028945, 0.95151365, 0.95481217]
id: 1
frame: 32
bbox: [492, 1006, 192, 348]
kpoint: [[1100, 552], [1112, 543], [1092, 541], [1134, 547], [1080, 544], [1157, 592], [1052, 590], [1164, 670], [1043, 667], [1123, 718], [1096, 715], [1135, 696], [1061, 696], [1174, 709], [1043, 710], [1154, 789], [1043, 793]]
score: [0.98101187, 0.9578029, 0.955493, 0.769881, 0.74359953, 0.99472433, 0.99630827, 0.97486174, 0.9851258, 0.9574075, 0.9728247, 0.9884489, 0.9910683, 0.96455914, 0.97425675, 0.915235, 0.9345036]
id: 0
frame: 32
bbox: [284, 553, 173, 532]
kpoint: [[644, 339], [654, 331], [633, 331], [664, 336], [612, 338], [679, 394], [590, 399], [715, 455], [569, 478], [701, 476], [574, 549], [670, 552], [613, 553], [672, 660], [615, 667], [674, 764], [616, 770]]
score: [0.97804374, 0.9198611, 0.9428214, 0.6415563, 0.78683376, 0.99146736, 0.9960846, 0.9675827, 0.9881025, 0.95840484, 0.98010856, 0.99695086, 0.99789846, 0.98959047, 0.9920894, 0.9572877, 0.9636511]
id: 1
frame: 33
bbox: [284, 551, 176, 530]
kpoint: [[646, 340], [655, 331], [635, 330], [663, 335], [614, 335], [685, 392], [587, 396], [719, 449], [567, 479], [684, 460], [571, 549], [673, 550], [610, 550], [677, 663], [610, 661], [670, 770], [619, 765]]
score: [0.977522, 0.9315562, 0.97256017, 0.59835637, 0.88980883, 0.99433726, 0.9970407, 0.9757456, 0.99087113, 0.9674962, 0.98489743, 0.99689734, 0.9980044, 0.9923035, 0.99509, 0.9719139, 0.979251]
id: 1
frame: 33
bbox: [494, 1005, 191, 343]
kpoint: [[1098, 554], [1110, 545], [1091, 543], [1133, 549], [1080, 546], [1156, 594], [1052, 592], [1164, 671], [1044, 668], [1124, 719], [1099, 716], [1134, 698], [1060, 698], [1174, 710], [1044, 711], [1153, 790], [1041, 795]]
score: [0.98111594, 0.9602191, 0.9501009, 0.7930982, 0.6982822, 0.99486494, 0.9960478, 0.9758822, 0.98349875, 0.95851886, 0.97035015, 0.98834026, 0.99053526, 0.96300286, 0.97198087, 0.91078436, 0.92918664]
id: 0
frame: 34
bbox: [497, 1005, 190, 339]
kpoint: [[1097, 555], [1109, 545], [1090, 544], [1132, 550], [1079, 547], [1156, 595], [1053, 593], [1161, 672], [1045, 668], [1121, 719], [1101, 715], [1132, 700], [1059, 700], [1174, 709], [1044, 709], [1153, 788], [1042, 792]]
score: [0.9802301, 0.96006596, 0.9446172, 0.80465585, 0.67005074, 0.99505377, 0.99566275, 0.9763293, 0.9803954, 0.957871, 0.9653489, 0.9886952, 0.99011904, 0.9651562, 0.97157896, 0.9178132, 0.93126875]
id: 0
frame: 34
bbox: [285, 550, 180, 529]
kpoint: [[644, 342], [653, 333], [633, 332], [662, 337], [613, 336], [686, 392], [587, 395], [720, 446], [566, 479], [675, 442], [569, 546], [674, 551], [609, 551], [678, 666], [609, 661], [669, 772], [619, 763]]
score: [0.9794463, 0.94090337, 0.9716864, 0.64440084, 0.87356466, 0.9956801, 0.9971432, 0.985832, 0.9923133, 0.98101074, 0.9884058, 0.997486, 0.99815804, 0.9932802, 0.9950286, 0.9723692, 0.97717446]
id: 1
frame: 35
bbox: [499, 1005, 189, 335]
kpoint: [[1096, 556], [1108, 547], [1089, 546], [1132, 552], [1078, 548], [1154, 597], [1052, 593], [1159, 674], [1046, 669], [1119, 721], [1103, 714], [1131, 701], [1059, 701], [1173, 711], [1046, 711], [1152, 788], [1042, 792]]
score: [0.9799867, 0.95928013, 0.9435486, 0.8009861, 0.66399443, 0.9947261, 0.99553734, 0.9742673, 0.9798605, 0.954488, 0.9641811, 0.987538, 0.98935694, 0.960287, 0.96846765, 0.90697324, 0.9236329]
id: 0
frame: 35
bbox: [285, 549, 182, 528]
kpoint: [[644, 344], [653, 335], [634, 334], [664, 337], [614, 336], [688, 391], [587, 395], [720, 442], [566, 478], [668, 421], [566, 543], [674, 554], [608, 552], [680, 668], [608, 660], [668, 775], [619, 760]]
score: [0.9792107, 0.9402738, 0.9714474, 0.6453109, 0.8703811, 0.99564207, 0.99711, 0.98577124, 0.99242616, 0.9811835, 0.98871696, 0.9975349, 0.9982114, 0.99357617, 0.99529463, 0.9736351, 0.9783739]
id: 1
frame: 36
bbox: [500, 1006, 187, 333]
kpoint: [[1095, 556], [1108, 547], [1088, 546], [1132, 553], [1078, 549], [1154, 597], [1053, 594], [1159, 672], [1046, 667], [1120, 718], [1103, 711], [1131, 700], [1060, 700], [1172, 710], [1046, 710], [1150, 787], [1043, 791]]
score: [0.98021996, 0.9610157, 0.941196, 0.81333804, 0.6444742, 0.99503833, 0.9954941, 0.97706646, 0.9798451, 0.95971394, 0.9653648, 0.98875576, 0.9900217, 0.96514887, 0.9711546, 0.9172877, 0.930184]
id: 0
frame: 36
bbox: [285, 547, 184, 527]
kpoint: [[639, 348], [649, 340], [630, 339], [662, 340], [611, 341], [682, 390], [591, 395], [717, 443], [566, 474], [667, 404], [569, 550], [670, 550], [611, 551], [669, 657], [616, 667], [674, 766], [617, 769]]
score: [0.9741969, 0.91389424, 0.9225758, 0.66438586, 0.7303483, 0.993012, 0.9956998, 0.97770756, 0.9871876, 0.97094226, 0.9795292, 0.99771595, 0.9981614, 0.9921217, 0.9929147, 0.96446955, 0.96612084]
id: 1
frame: 37
bbox: [501, 1006, 185, 331]
kpoint: [[1095, 557], [1107, 548], [1088, 546], [1132, 552], [1078, 548], [1153, 596], [1053, 592], [1158, 670], [1045, 666], [1119, 716], [1103, 709], [1130, 699], [1059, 699], [1169, 711], [1044, 712], [1151, 786], [1042, 790]]
score: [0.97990465, 0.96091807, 0.9391853, 0.81568474, 0.6325636, 0.99491805, 0.99536806, 0.97650665, 0.9790476, 0.9588949, 0.9641316, 0.98850447, 0.9897683, 0.9636616, 0.96978676, 0.9133978, 0.92660177]
id: 0
frame: 37
bbox: [285, 545, 185, 526]
kpoint: [[640, 348], [651, 340], [631, 339], [663, 340], [612, 340], [680, 389], [590, 393], [713, 437], [565, 472], [666, 394], [568, 545], [669, 548], [611, 549], [668, 655], [616, 664], [672, 765], [617, 767]]
score: [0.9721061, 0.9027259, 0.9177876, 0.6279573, 0.72383964, 0.99252266, 0.9956018, 0.97828805, 0.9881501, 0.9727352, 0.9817075, 0.9977441, 0.9982095, 0.9921944, 0.9930576, 0.9640027, 0.96589345]
id: 1
frame: 38
bbox: [500, 1006, 184, 330]
kpoint: [[1094, 555], [1107, 546], [1088, 544], [1131, 551], [1078, 546], [1152, 594], [1053, 590], [1157, 668], [1045, 663], [1119, 713], [1101, 707], [1129, 697], [1059, 696], [1167, 711], [1043, 711], [1152, 785], [1043, 789]]
score: [0.9800805, 0.9620994, 0.93730885, 0.8243231, 0.6198435, 0.99532616, 0.9953713, 0.9795487, 0.97914153, 0.9640776, 0.96534646, 0.98992866, 0.99058926, 0.96871567, 0.9725575, 0.9235884, 0.93271744]
id: 0
frame: 38
bbox: [284, 544, 184, 525]
kpoint: [[643, 350], [652, 342], [633, 341], [663, 341], [612, 341], [678, 388], [590, 393], [711, 431], [565, 472], [666, 385], [568, 547], [668, 546], [611, 547], [669, 653], [616, 662], [672, 763], [617, 764]]
score: [0.9713985, 0.8888582, 0.92160136, 0.5728099, 0.74449277, 0.9917862, 0.9959823, 0.97788423, 0.9905508, 0.9737222, 0.9855267, 0.9976915, 0.9983127, 0.9916176, 0.9931114, 0.96007985, 0.9640745]
id: 1
frame: 39
bbox: [499, 1006, 182, 330]
kpoint: [[1094, 555], [1107, 546], [1088, 544], [1131, 550], [1078, 545], [1152, 593], [1054, 589], [1159, 665], [1045, 659], [1119, 710], [1100, 704], [1129, 693], [1060, 692], [1164, 713], [1041, 712], [1149, 786], [1042, 789]]
score: [0.98037934, 0.96380156, 0.93718237, 0.8352852, 0.61633414, 0.995789, 0.99543905, 0.9831682, 0.9801982, 0.97073406, 0.96853805, 0.9914631, 0.99160284, 0.9737812, 0.9755165, 0.9325367, 0.9377472]
id: 0
frame: 39
bbox: [284, 543, 184, 525]
kpoint: [[643, 353], [652, 344], [633, 343], [662, 342], [611, 342], [676, 387], [589, 393], [708, 427], [565, 471], [667, 379], [568, 545], [667, 545], [612, 546], [668, 653], [616, 661], [671, 762], [617, 763]]
score: [0.97161764, 0.8862733, 0.92474765, 0.5539302, 0.7519664, 0.99130744, 0.9960322, 0.9769349, 0.9910098, 0.9731111, 0.98628795, 0.99763596, 0.9983297, 0.9914976, 0.99323386, 0.9599411, 0.96471304]
id: 1
frame: 40
bbox: [283, 542, 183, 524]
kpoint: [[639, 353], [649, 345], [630, 344], [661, 343], [610, 342], [675, 388], [589, 393], [706, 425], [564, 471], [666, 375], [567, 543], [666, 545], [611, 546], [668, 653], [615, 660], [670, 762], [616, 763]]
score: [0.97333115, 0.9027104, 0.9235349, 0.6062127, 0.7293217, 0.9919653, 0.9957425, 0.97775555, 0.98932743, 0.97305197, 0.9837552, 0.9976646, 0.99823177, 0.99195975, 0.99316823, 0.963007, 0.9660837]
id: 1
frame: 40
bbox: [498, 1007, 181, 329]
kpoint: [[1095, 553], [1107, 544], [1088, 542], [1131, 549], [1078, 544], [1152, 591], [1054, 588], [1158, 663], [1045, 659], [1119, 708], [1101, 703], [1129, 690], [1061, 689], [1163, 710], [1042, 710], [1148, 783], [1043, 787]]
score: [0.98107386, 0.9637251, 0.94124997, 0.827426, 0.6387179, 0.99588495, 0.9957917, 0.9843583, 0.98298615, 0.97349554, 0.9730865, 0.99184376, 0.9922086, 0.97524536, 0.977495, 0.9355523, 0.94164515]
id: 0
frame: 41
bbox: [282, 542, 182, 524]
kpoint: [[638, 353], [648, 345], [630, 344], [660, 343], [610, 341], [673, 387], [588, 392], [704, 424], [564, 471], [665, 372], [567, 545], [666, 544], [611, 545], [667, 651], [615, 659], [670, 761], [616, 761]]
score: [0.97228897, 0.89627594, 0.92193353, 0.5882665, 0.731164, 0.991763, 0.9958528, 0.9776573, 0.9899672, 0.97315127, 0.9846659, 0.99775225, 0.99833906, 0.9923232, 0.9936227, 0.9647555, 0.9681529]
id: 1
frame: 41
bbox: [497, 1006, 181, 330]
kpoint: [[1094, 553], [1107, 544], [1088, 542], [1132, 548], [1079, 543], [1153, 591], [1055, 587], [1158, 663], [1045, 658], [1120, 705], [1100, 701], [1129, 690], [1061, 689], [1162, 710], [1041, 709], [1147, 785], [1043, 787]]
score: [0.9808864, 0.9640849, 0.9385874, 0.8330551, 0.617624, 0.99561685, 0.99569297, 0.9827572, 0.98228747, 0.9712066, 0.97189176, 0.99140424, 0.9920161, 0.97425824, 0.9772799, 0.9338443, 0.9414996]
id: 0
frame: 42
bbox: [282, 541, 181, 524]
kpoint: [[638, 353], [648, 344], [629, 343], [660, 342], [610, 340], [672, 385], [588, 390], [703, 424], [564, 469], [664, 371], [566, 542], [665, 542], [611, 543], [667, 650], [615, 658], [670, 760], [616, 761]]
score: [0.97130865, 0.89257187, 0.9192583, 0.58102256, 0.7280238, 0.9917018, 0.99575245, 0.97796065, 0.9898808, 0.973478, 0.98464644, 0.99778146, 0.9983461, 0.9925013, 0.99371064, 0.96549535, 0.9685813]
id: 1
frame: 42
bbox: [495, 1007, 180, 330]
kpoint: [[1096, 550], [1109, 542], [1089, 540], [1133, 546], [1079, 541], [1152, 589], [1055, 585], [1157, 662], [1044, 657], [1120, 704], [1101, 699], [1130, 688], [1061, 687], [1161, 707], [1041, 706], [1148, 783], [1044, 786]]
score: [0.98120314, 0.96379393, 0.9417257, 0.8258506, 0.638866, 0.9956755, 0.99579227, 0.9834759, 0.9831319, 0.972514, 0.9732939, 0.9913119, 0.9919157, 0.97385675, 0.97675073, 0.93194187, 0.9393494]
id: 0
frame: 43
bbox: [282, 541, 181, 523]
kpoint: [[637, 352], [647, 344], [628, 343], [659, 341], [608, 340], [672, 384], [587, 389], [702, 424], [564, 467], [663, 370], [564, 536], [665, 541], [610, 541], [667, 650], [614, 657], [670, 760], [616, 760]]
score: [0.971182, 0.89623797, 0.916427, 0.5954758, 0.7164089, 0.9919511, 0.99546105, 0.9787759, 0.9889081, 0.9739968, 0.9834003, 0.99778795, 0.9982722, 0.9926307, 0.9935264, 0.9661356, 0.9681997]
id: 1
frame: 43
bbox: [494, 1007, 180, 331]
kpoint: [[1096, 548], [1108, 539], [1089, 538], [1133, 545], [1079, 540], [1152, 589], [1056, 584], [1157, 662], [1044, 656], [1119, 703], [1099, 698], [1129, 687], [1061, 686], [1162, 707], [1041, 707], [1149, 784], [1042, 786]]
score: [0.9815939, 0.9653611, 0.9415898, 0.8335693, 0.6313645, 0.9959275, 0.9956933, 0.9851055, 0.98279095, 0.97495824, 0.97338754, 0.99151564, 0.9917168, 0.97371364, 0.97542715, 0.9294194, 0.9347458]
id: 0
frame: 44
bbox: [281, 542, 180, 523]
kpoint: [[635, 352], [645, 343], [626, 342], [658, 340], [607, 339], [673, 383], [588, 388], [702, 423], [565, 465], [662, 369], [564, 534], [664, 541], [609, 541], [667, 650], [614, 657], [671, 760], [617, 761]]
score: [0.9701853, 0.89852166, 0.9103963, 0.60897005, 0.692515, 0.99178666, 0.9949231, 0.97856206, 0.98735017, 0.97350025, 0.9813748, 0.99771774, 0.99814177, 0.9926184, 0.99326164, 0.9666808, 0.9679452]
id: 1
frame: 44
bbox: [493, 1007, 180, 332]
kpoint: [[1096, 548], [1109, 539], [1090, 537], [1134, 544], [1080, 539], [1153, 588], [1056, 583], [1158, 661], [1044, 655], [1119, 703], [1099, 698], [1130, 687], [1062, 685], [1162, 708], [1041, 706], [1149, 784], [1042, 786]]
score: [0.9812779, 0.96478003, 0.9408585, 0.832304, 0.6297618, 0.9956731, 0.9956151, 0.9835677, 0.9821629, 0.97251755, 0.9720723, 0.9909345, 0.99135983, 0.97190213, 0.9743644, 0.9253332, 0.93221694]
id: 0
frame: 45
bbox: [281, 542, 179, 523]
kpoint: [[632, 352], [643, 343], [624, 342], [657, 340], [607, 339], [673, 383], [588, 387], [702, 423], [565, 465], [661, 369], [563, 535], [664, 539], [609, 540], [667, 648], [614, 655], [671, 759], [617, 760]]
score: [0.96817905, 0.8975073, 0.9003191, 0.62070584, 0.66387534, 0.99175, 0.9944195, 0.97889596, 0.98591954, 0.9735246, 0.9794296, 0.9977203, 0.998063, 0.9927907, 0.9931479, 0.96779525, 0.9682151]
id: 1
frame: 45
bbox: [492, 1007, 180, 332]
kpoint: [[1097, 547], [1109, 538], [1090, 536], [1134, 543], [1080, 538], [1154, 587], [1056, 582], [1159, 660], [1044, 653], [1119, 701], [1099, 696], [1130, 686], [1061, 684], [1162, 708], [1040, 706], [1150, 784], [1042, 785]]
score: [0.9809214, 0.9641997, 0.94039804, 0.83169806, 0.6320067, 0.9956955, 0.995597, 0.9834599, 0.98187816, 0.9722553, 0.97166044, 0.9912381, 0.99160355, 0.97328657, 0.97549, 0.9292161, 0.9354684]
id: 0
frame: 46
bbox: [281, 542, 179, 523]
kpoint: [[630, 352], [641, 344], [623, 342], [657, 340], [606, 339], [673, 383], [588, 387], [702, 423], [565, 464], [661, 369], [563, 533], [664, 540], [609, 540], [667, 649], [614, 656], [672, 759], [617, 760]]
score: [0.9679106, 0.89981645, 0.89657533, 0.6322883, 0.6476938, 0.9917642, 0.9942262, 0.97896063, 0.9852688, 0.9735227, 0.9785907, 0.9977191, 0.9980324, 0.99282527, 0.99309087, 0.9680627, 0.9682728]
id: 1
frame: 46
bbox: [491, 1008, 179, 332]
kpoint: [[1098, 546], [1110, 537], [1091, 535], [1134, 542], [1081, 538], [1154, 586], [1057, 582], [1160, 659], [1043, 653], [1119, 700], [1098, 694], [1130, 684], [1062, 683], [1162, 705], [1039, 704], [1150, 783], [1041, 784]]
score: [0.9805351, 0.96319234, 0.9410578, 0.82739925, 0.64403176, 0.99567527, 0.9956055, 0.9831205, 0.98172075, 0.971555, 0.9712164, 0.9912465, 0.99162126, 0.97379863, 0.97593904, 0.9309688, 0.9369793]
id: 0
frame: 47
bbox: [280, 542, 178, 523]
kpoint: [[628, 351], [639, 343], [620, 342], [656, 340], [605, 339], [674, 383], [588, 387], [702, 423], [565, 465], [661, 368], [563, 534], [664, 540], [608, 540], [667, 648], [613, 655], [672, 758], [617, 759]]
score: [0.9694214, 0.91118443, 0.8956813, 0.67095804, 0.6294424, 0.9922644, 0.9939358, 0.9792934, 0.98309386, 0.9730636, 0.975315, 0.9976925, 0.99790514, 0.9929276, 0.9928538, 0.96910286, 0.9683735]
id: 1
frame: 47
bbox: [491, 1008, 179, 332]
kpoint: [[1099, 546], [1111, 537], [1092, 536], [1134, 542], [1082, 537], [1154, 586], [1057, 581], [1159, 659], [1043, 653], [1119, 699], [1098, 694], [1130, 683], [1062, 682], [1162, 704], [1040, 703], [1150, 782], [1042, 784]]
score: [0.98012185, 0.9613463, 0.94240713, 0.8164828, 0.6603083, 0.99542433, 0.9956586, 0.9814934, 0.98196214, 0.9689331, 0.97095346, 0.99073654, 0.99145, 0.9724304, 0.9756445, 0.92836297, 0.93637824]
id: 0
frame: 48
bbox: [280, 543, 177, 522]
kpoint: [[627, 350], [638, 342], [620, 341], [656, 340], [605, 338], [673, 384], [588, 387], [701, 422], [565, 465], [661, 366], [563, 533], [663, 540], [607, 540], [667, 648], [612, 655], [672, 757], [618, 759]]
score: [0.97198975, 0.92011917, 0.9031365, 0.690144, 0.63563555, 0.99255824, 0.99397033, 0.9792988, 0.9823294, 0.972838, 0.97421026, 0.9976404, 0.9978257, 0.9928357, 0.99266183, 0.96903104, 0.96802676]
id: 1
frame: 48
bbox: [490, 1008, 179, 331]
kpoint: [[1099, 547], [1112, 538], [1092, 536], [1135, 542], [1082, 538], [1154, 586], [1057, 581], [1159, 659], [1044, 653], [1119, 698], [1098, 694], [1131, 681], [1063, 680], [1162, 702], [1040, 701], [1151, 781], [1043, 783]]
score: [0.9795725, 0.9604041, 0.94162387, 0.81401783, 0.6622793, 0.9954295, 0.9956143, 0.98144275, 0.9816088, 0.96874267, 0.97043085, 0.9912396, 0.9918474, 0.9753074, 0.97793293, 0.93659955, 0.94325507]
id: 0
frame: 49
bbox: [280, 544, 177, 522]
kpoint: [[629, 350], [640, 342], [622, 340], [657, 339], [606, 338], [674, 383], [588, 387], [702, 422], [566, 466], [662, 367], [564, 536], [664, 540], [608, 540], [668, 648], [613, 656], [673, 758], [618, 758]]
score: [0.97271323, 0.9195843, 0.90742034, 0.6817411, 0.6500855, 0.99261606, 0.9942301, 0.97951734, 0.98331225, 0.9733093, 0.9755545, 0.99765164, 0.9978672, 0.9927447, 0.9926571, 0.9682975, 0.9674983]
id: 1
frame: 49
bbox: [490, 1008, 179, 331]
kpoint: [[1100, 547], [1112, 537], [1093, 536], [1135, 541], [1082, 538], [1154, 585], [1058, 581], [1159, 659], [1044, 653], [1118, 699], [1098, 694], [1130, 682], [1062, 681], [1161, 702], [1040, 701], [1151, 782], [1043, 784]]
score: [0.979688, 0.9607437, 0.9422482, 0.81474936, 0.66623336, 0.9956605, 0.9955337, 0.9828454, 0.98111653, 0.97049505, 0.9698371, 0.99135584, 0.99158657, 0.97505784, 0.976588, 0.93474865, 0.93932664]
id: 0
frame: 50
bbox: [280, 544, 177, 522]
kpoint: [[630, 349], [640, 341], [622, 339], [658, 339], [606, 337], [674, 383], [589, 387], [702, 423], [566, 467], [662, 368], [565, 539], [665, 540], [609, 540], [668, 648], [613, 656], [674, 758], [618, 759]]
score: [0.97324544, 0.9215675, 0.9088691, 0.686432, 0.651267, 0.9926602, 0.9942029, 0.9794093, 0.9829933, 0.97310907, 0.97505796, 0.9975912, 0.99780136, 0.99255884, 0.9924378, 0.9674944, 0.9665601]
id: 1
frame: 50
bbox: [490, 1008, 179, 331]
kpoint: [[1100, 546], [1112, 537], [1093, 535], [1135, 541], [1082, 537], [1154, 585], [1058, 581], [1158, 660], [1045, 654], [1118, 702], [1099, 695], [1130, 683], [1062, 682], [1162, 703], [1041, 702], [1151, 782], [1044, 784]]
score: [0.9796531, 0.960477, 0.94227374, 0.8131518, 0.6669869, 0.99570054, 0.9955141, 0.9828705, 0.9808709, 0.9701918, 0.96928364, 0.99136007, 0.9915282, 0.9748157, 0.97623354, 0.9342364, 0.93858266]
id: 0
frame: 51
bbox: [280, 545, 176, 522]
kpoint: [[629, 349], [640, 341], [621, 340], [658, 339], [606, 338], [675, 383], [589, 388], [702, 423], [566, 467], [662, 367], [565, 540], [665, 540], [609, 540], [668, 648], [614, 656], [674, 757], [618, 759]]
score: [0.9742844, 0.92585015, 0.91019696, 0.70067036, 0.64663565, 0.9929153, 0.99434847, 0.97971696, 0.98296475, 0.97333556, 0.9748591, 0.99763894, 0.99783725, 0.9927206, 0.99258447, 0.96819067, 0.96729887]
id: 1
frame: 51
bbox: [489, 1008, 180, 332]
kpoint: [[1103, 545], [1115, 536], [1095, 534], [1135, 540], [1083, 537], [1154, 584], [1058, 580], [1158, 660], [1045, 652], [1119, 701], [1098, 694], [1130, 682], [1062, 681], [1162, 702], [1040, 701], [1150, 782], [1043, 782]]
score: [0.97875273, 0.95585835, 0.9473668, 0.7844526, 0.7167126, 0.995386, 0.99571854, 0.9803703, 0.9819402, 0.9660609, 0.9699453, 0.99105096, 0.9917624, 0.9746702, 0.97753507, 0.9356367, 0.9423223]
id: 0
frame: 52
bbox: [280, 546, 176, 522]
kpoint: [[629, 350], [640, 341], [622, 340], [658, 340], [607, 338], [675, 384], [590, 388], [703, 423], [566, 466], [663, 366], [566, 537], [665, 541], [609, 541], [669, 648], [614, 656], [674, 757], [618, 759]]
score: [0.9743446, 0.9253567, 0.91088223, 0.69950074, 0.65054154, 0.99294233, 0.9944992, 0.97971284, 0.98350316, 0.9734214, 0.97559583, 0.9976816, 0.9979012, 0.99278486, 0.99274135, 0.96835876, 0.96775025]
id: 1
frame: 52
bbox: [489, 1008, 180, 332]
kpoint: [[1104, 543], [1116, 534], [1096, 533], [1135, 539], [1083, 536], [1154, 584], [1058, 580], [1159, 659], [1045, 651], [1119, 700], [1097, 693], [1131, 680], [1063, 679], [1161, 703], [1040, 702], [1150, 782], [1043, 782]]
score: [0.9784892, 0.9537935, 0.9504448, 0.76980525, 0.74333596, 0.9952849, 0.995875, 0.9797405, 0.9830023, 0.96546537, 0.97148216, 0.99115413, 0.9920994, 0.97524434, 0.97861516, 0.9369891, 0.9444846]
id: 0
frame: 53
bbox: [280, 546, 176, 522]
kpoint: [[631, 350], [641, 342], [623, 341], [659, 341], [608, 339], [675, 385], [590, 389], [703, 423], [567, 466], [664, 365], [567, 538], [665, 541], [610, 541], [669, 648], [614, 656], [674, 757], [619, 758]]
score: [0.97428936, 0.92424554, 0.9122952, 0.6946741, 0.6604916, 0.9929472, 0.9945503, 0.97967803, 0.9836758, 0.97331333, 0.97576755, 0.9976694, 0.9978962, 0.99273247, 0.99269825, 0.9681075, 0.9674777]
id: 1
frame: 53
bbox: [488, 1008, 180, 333]
kpoint: [[1104, 544], [1115, 534], [1096, 533], [1135, 538], [1083, 535], [1155, 583], [1058, 579], [1158, 657], [1045, 651], [1119, 698], [1097, 693], [1131, 680], [1063, 679], [1161, 705], [1040, 703], [1150, 783], [1043, 783]]
score: [0.97879434, 0.9559189, 0.9484001, 0.7832206, 0.7243207, 0.9954939, 0.9957691, 0.98131955, 0.98242664, 0.96802497, 0.971123, 0.9916094, 0.9921921, 0.9762369, 0.97857803, 0.9381933, 0.9439129]
id: 0
frame: 54
bbox: [280, 547, 175, 522]
kpoint: [[630, 351], [641, 343], [623, 341], [659, 342], [609, 340], [676, 387], [591, 391], [704, 423], [567, 468], [665, 364], [569, 541], [666, 541], [610, 541], [670, 649], [615, 656], [675, 758], [619, 758]]
score: [0.97339576, 0.92352456, 0.9067548, 0.7005584, 0.6421364, 0.99289495, 0.994379, 0.97976923, 0.9831424, 0.97348356, 0.9750683, 0.99765563, 0.99785596, 0.99266255, 0.99254405, 0.9675846, 0.9668127]
id: 1
frame: 54
bbox: [488, 1009, 180, 333]
kpoint: [[1104, 543], [1115, 534], [1096, 533], [1135, 537], [1083, 535], [1155, 582], [1058, 579], [1159, 656], [1046, 650], [1118, 698], [1097, 694], [1133, 678], [1064, 677], [1162, 705], [1040, 704], [1151, 782], [1045, 782]]
score: [0.9787819, 0.9560774, 0.949164, 0.7842796, 0.7308743, 0.9956099, 0.9957964, 0.9822142, 0.98277426, 0.96947056, 0.9718536, 0.9917904, 0.99225867, 0.9764698, 0.9783946, 0.9376513, 0.942588]
id: 0
frame: 55
bbox: [281, 548, 175, 521]
kpoint: [[633, 352], [644, 344], [625, 342], [661, 343], [610, 341], [676, 388], [591, 392], [704, 423], [568, 469], [666, 365], [571, 542], [667, 543], [611, 544], [670, 650], [616, 658], [676, 758], [620, 759]]
score: [0.97352344, 0.91805184, 0.9118889, 0.6736659, 0.66652864, 0.9926404, 0.99486387, 0.97946507, 0.98555446, 0.97388226, 0.9785513, 0.997682, 0.99799854, 0.9924597, 0.9927503, 0.9661026, 0.9664937]
id: 1
frame: 55
bbox: [487, 1010, 179, 333]
kpoint: [[1105, 542], [1116, 533], [1096, 532], [1135, 537], [1083, 535], [1155, 581], [1058, 578], [1160, 655], [1046, 649], [1119, 695], [1097, 693], [1133, 677], [1064, 676], [1163, 704], [1041, 702], [1152, 782], [1046, 781]]
score: [0.97827554, 0.9542307, 0.9499142, 0.77440906, 0.7411845, 0.99544436, 0.9958003, 0.98089796, 0.9826781, 0.96735954, 0.97137296, 0.99173886, 0.99236816, 0.97696096, 0.97935003, 0.9401739, 0.9458863]
id: 0
frame: 56
bbox: [281, 549, 174, 521]
kpoint: [[633, 353], [644, 345], [626, 343], [662, 344], [611, 342], [678, 388], [592, 392], [706, 425], [568, 469], [667, 368], [572, 543], [667, 543], [612, 543], [670, 650], [616, 658], [677, 758], [620, 759]]
score: [0.97363293, 0.9193005, 0.91150236, 0.68137974, 0.66463363, 0.99276865, 0.99495065, 0.9795023, 0.9855488, 0.97374076, 0.97829777, 0.9977445, 0.998054, 0.9926969, 0.99298966, 0.9673312, 0.96774423]
id: 1
frame: 56
bbox: [487, 1011, 179, 333]
kpoint: [[1105, 542], [1116, 533], [1096, 532], [1135, 537], [1083, 535], [1156, 581], [1058, 578], [1160, 655], [1047, 649], [1119, 696], [1097, 693], [1135, 677], [1066, 676], [1162, 703], [1041, 702], [1152, 782], [1047, 781]]
score: [0.9777634, 0.9534648, 0.94915444, 0.77342373, 0.74038625, 0.9952717, 0.9957081, 0.97965217, 0.98195, 0.96511155, 0.96990776, 0.9914649, 0.9921881, 0.9765877, 0.9791387, 0.93988025, 0.9458543]
id: 0
frame: 57
bbox: [282, 550, 174, 520]
kpoint: [[632, 354], [643, 346], [625, 345], [662, 345], [611, 343], [680, 389], [594, 392], [706, 426], [569, 468], [668, 369], [574, 540], [669, 544], [612, 544], [671, 650], [616, 658], [677, 757], [620, 758]]
score: [0.9730909, 0.92421776, 0.9050293, 0.70878667, 0.6363959, 0.9928437, 0.99441046, 0.9792193, 0.98299235, 0.97262335, 0.97451246, 0.997661, 0.9978787, 0.99259394, 0.992558, 0.9676637, 0.96715885]
id: 1
frame: 57
bbox: [487, 1012, 178, 334]
kpoint: [[1106, 542], [1117, 533], [1097, 532], [1135, 537], [1083, 535], [1156, 581], [1059, 578], [1160, 654], [1048, 648], [1119, 697], [1098, 693], [1135, 675], [1067, 674], [1162, 703], [1041, 702], [1152, 781], [1048, 781]]
score: [0.9774648, 0.9520689, 0.9498002, 0.7665172, 0.74898225, 0.9951721, 0.9958055, 0.9790429, 0.98260975, 0.964332, 0.97075135, 0.99165785, 0.99255073, 0.97763777, 0.9805346, 0.9429379, 0.949459]
id: 0
frame: 58
bbox: [283, 551, 174, 519]
kpoint: [[633, 355], [644, 347], [626, 346], [662, 346], [612, 345], [680, 389], [594, 393], [706, 425], [570, 469], [667, 367], [575, 543], [669, 544], [613, 544], [672, 650], [617, 659], [677, 758], [620, 759]]
score: [0.9713373, 0.9169022, 0.9016881, 0.68856406, 0.63987565, 0.99249417, 0.99435395, 0.979031, 0.9836902, 0.9726939, 0.9755769, 0.99760354, 0.9978593, 0.99225944, 0.99233073, 0.965739, 0.965487]
id: 1
frame: 58
bbox: [486, 1012, 178, 334]
kpoint: [[1106, 542], [1117, 533], [1097, 532], [1136, 536], [1083, 535], [1156, 580], [1060, 578], [1160, 654], [1048, 648], [1119, 699], [1099, 694], [1135, 671], [1068, 670], [1160, 703], [1040, 702], [1152, 780], [1049, 780]]
score: [0.97749025, 0.95256823, 0.9491452, 0.7698258, 0.74357945, 0.9952488, 0.9957959, 0.9800047, 0.98282224, 0.966055, 0.97138745, 0.9919998, 0.9927753, 0.9788299, 0.9812723, 0.9451531, 0.9508351]
id: 0
frame: 59
bbox: [285, 552, 174, 519]
kpoint: [[636, 355], [646, 347], [628, 346], [663, 346], [613, 345], [680, 388], [595, 393], [707, 426], [571, 469], [667, 370], [576, 540], [670, 542], [613, 542], [672, 649], [616, 657], [678, 757], [620, 759]]
score: [0.96907794, 0.9085772, 0.8985517, 0.66579145, 0.6481451, 0.99198675, 0.99404407, 0.97828853, 0.9835181, 0.97198266, 0.97558653, 0.99748933, 0.9977671, 0.9919592, 0.9920535, 0.96449673, 0.96416306]
id: 1
frame: 59
bbox: [486, 1013, 178, 335]
kpoint: [[1106, 542], [1117, 532], [1097, 531], [1136, 536], [1084, 534], [1156, 580], [1060, 577], [1159, 655], [1049, 648], [1118, 699], [1099, 694], [1135, 672], [1067, 671], [1160, 702], [1041, 701], [1151, 780], [1049, 780]]
score: [0.97767365, 0.9527147, 0.94914263, 0.7700027, 0.74219656, 0.9952163, 0.995797, 0.9798545, 0.9828509, 0.96574867, 0.9713103, 0.99170977, 0.9925368, 0.97777367, 0.9804244, 0.94225425, 0.9484023]
id: 0
frame: 60
bbox: [287, 553, 174, 517]
kpoint: [[636, 355], [646, 347], [628, 345], [662, 346], [614, 343], [687, 390], [591, 393], [711, 425], [571, 474], [668, 383], [573, 530], [671, 547], [606, 545], [678, 657], [607, 649], [676, 767], [620, 752]]
score: [0.96493775, 0.9253848, 0.92304295, 0.69869894, 0.6620685, 0.9948336, 0.99125147, 0.9873734, 0.9717543, 0.9808847, 0.96650267, 0.997172, 0.99662364, 0.99419254, 0.99306303, 0.9787765, 0.9749758]
id: 1
frame: 60
bbox: [485, 1013, 178, 335]
kpoint: [[1105, 542], [1116, 532], [1097, 531], [1136, 536], [1084, 534], [1156, 579], [1060, 577], [1158, 653], [1050, 647], [1119, 699], [1099, 694], [1135, 671], [1067, 671], [1162, 703], [1042, 702], [1153, 779], [1050, 780]]
score: [0.97797614, 0.95409566, 0.9474346, 0.7795437, 0.72618055, 0.99529153, 0.9958294, 0.9802895, 0.98299205, 0.96668476, 0.97177094, 0.9921538, 0.99293, 0.9791358, 0.98170805, 0.94587684, 0.95193714]
id: 0
frame: 61
bbox: [288, 553, 174, 516]
kpoint: [[635, 358], [644, 349], [627, 348], [662, 348], [615, 345], [688, 392], [592, 395], [712, 427], [571, 477], [669, 384], [572, 535], [671, 549], [607, 547], [678, 659], [608, 651], [677, 769], [620, 752]]
score: [0.9662587, 0.9327306, 0.9178004, 0.7356909, 0.6241966, 0.9954928, 0.9910267, 0.9890934, 0.96870023, 0.98265845, 0.9632028, 0.99740225, 0.99659616, 0.99450004, 0.99276686, 0.9794592, 0.9740555]
id: 1
frame: 61
bbox: [485, 1014, 178, 336]
kpoint: [[1105, 542], [1116, 533], [1097, 532], [1136, 536], [1084, 533], [1156, 579], [1060, 576], [1159, 652], [1050, 647], [1120, 699], [1098, 695], [1135, 671], [1067, 670], [1162, 701], [1041, 701], [1155, 778], [1051, 780]]
score: [0.97821355, 0.9546725, 0.9473778, 0.7819909, 0.7239941, 0.9953381, 0.99589676, 0.9806033, 0.98333496, 0.9672455, 0.9722989, 0.99233544, 0.9931195, 0.9798558, 0.9824115, 0.9478274, 0.9538538]
id: 0
frame: 62
bbox: [291, 554, 174, 513]
kpoint: [[635, 360], [645, 352], [627, 350], [663, 348], [616, 346], [689, 391], [593, 395], [714, 427], [574, 480], [667, 378], [575, 542], [674, 550], [612, 548], [680, 660], [611, 651], [674, 769], [622, 752]]
score: [0.9602037, 0.92235726, 0.906089, 0.7267791, 0.59668887, 0.9949629, 0.9937609, 0.986724, 0.9814492, 0.98031276, 0.97511315, 0.99808604, 0.99806756, 0.995963, 0.99591655, 0.98374975, 0.9834877]
id: 1
frame: 62
bbox: [486, 1015, 179, 336]
kpoint: [[1105, 543], [1116, 534], [1097, 533], [1136, 537], [1084, 534], [1156, 579], [1060, 576], [1161, 651], [1050, 647], [1123, 698], [1098, 696], [1135, 672], [1067, 671], [1163, 702], [1042, 701], [1154, 780], [1050, 781]]
score: [0.9785557, 0.9554849, 0.9481981, 0.7831727, 0.72405535, 0.9954092, 0.9958911, 0.98118836, 0.98351675, 0.96830887, 0.9727561, 0.9924213, 0.99312896, 0.97982603, 0.982286, 0.94739866, 0.9533219]
id: 0
frame: 63
bbox: [294, 553, 174, 511]
kpoint: [[633, 364], [644, 355], [627, 353], [663, 351], [616, 349], [690, 392], [594, 396], [714, 428], [574, 481], [667, 380], [576, 545], [675, 552], [612, 550], [681, 662], [611, 652], [675, 770], [623, 752]]
score: [0.9573691, 0.9197347, 0.8919875, 0.7354641, 0.54952, 0.99489903, 0.99349946, 0.9876358, 0.9818176, 0.98189586, 0.976101, 0.99816066, 0.998118, 0.9960406, 0.9959477, 0.98362225, 0.9832741]
id: 1
frame: 63
bbox: [486, 1015, 180, 337]
kpoint: [[1103, 544], [1115, 535], [1096, 533], [1137, 538], [1084, 534], [1157, 580], [1060, 576], [1162, 652], [1050, 647], [1125, 698], [1098, 696], [1136, 671], [1068, 670], [1163, 703], [1042, 702], [1154, 781], [1051, 782]]
score: [0.97911316, 0.9589431, 0.9446195, 0.80401206, 0.68948954, 0.99563295, 0.9957544, 0.98293525, 0.9827943, 0.97113174, 0.9723382, 0.99289143, 0.9932636, 0.98101795, 0.98250353, 0.94946843, 0.9536802]
id: 0
frame: 64
bbox: [297, 553, 175, 508]
kpoint: [[635, 367], [645, 359], [628, 357], [663, 356], [617, 353], [690, 398], [594, 401], [712, 437], [569, 485], [671, 399], [573, 547], [673, 554], [609, 552], [681, 662], [610, 654], [677, 769], [619, 753]]
score: [0.96221405, 0.92378634, 0.9069316, 0.7199432, 0.6035539, 0.9952542, 0.9915576, 0.9893707, 0.9738947, 0.9836202, 0.9688053, 0.99755776, 0.99699116, 0.9947413, 0.9934864, 0.9801221, 0.97604513]
id: 1
frame: 64
bbox: [487, 1015, 180, 337]
kpoint: [[1103, 545], [1115, 536], [1096, 534], [1137, 539], [1084, 535], [1157, 581], [1060, 577], [1162, 653], [1050, 647], [1124, 700], [1098, 697], [1137, 670], [1068, 669], [1163, 703], [1042, 702], [1156, 779], [1051, 781]]
score: [0.9787522, 0.958755, 0.9424938, 0.80670255, 0.677614, 0.9955063, 0.99566615, 0.98217154, 0.982221, 0.9698313, 0.9713543, 0.99278283, 0.9932059, 0.98100555, 0.98264104, 0.9499807, 0.95451003]
id: 0
frame: 65
bbox: [300, 553, 176, 505]
kpoint: [[634, 373], [644, 365], [628, 363], [663, 362], [618, 358], [690, 402], [596, 405], [712, 440], [570, 488], [673, 400], [573, 551], [674, 557], [612, 555], [681, 663], [610, 655], [678, 769], [618, 752]]
score: [0.96439856, 0.9301973, 0.9050374, 0.74301416, 0.5761026, 0.99554336, 0.9920163, 0.9900053, 0.9749987, 0.98464507, 0.9702514, 0.9977526, 0.9972349, 0.9952607, 0.9941374, 0.9823764, 0.9788721]
id: 1
frame: 65
bbox: [487, 1015, 181, 336]
kpoint: [[1103, 546], [1115, 537], [1096, 535], [1137, 541], [1085, 536], [1157, 581], [1061, 577], [1162, 654], [1051, 648], [1124, 700], [1099, 697], [1137, 668], [1069, 667], [1162, 702], [1041, 701], [1156, 778], [1051, 780]]
score: [0.978519, 0.95906216, 0.9399555, 0.81242776, 0.6632907, 0.9955906, 0.99561286, 0.982642, 0.9817687, 0.97050864, 0.9708589, 0.99317074, 0.9934597, 0.9826655, 0.98384446, 0.95470685, 0.9582706]
id: 0
frame: 66
bbox: [303, 553, 177, 502]
kpoint: [[634, 375], [645, 367], [627, 365], [664, 365], [617, 361], [690, 407], [595, 409], [713, 445], [571, 493], [675, 404], [573, 553], [674, 559], [611, 557], [682, 664], [611, 655], [679, 769], [620, 752]]
score: [0.9698094, 0.9397848, 0.92066854, 0.75615317, 0.610967, 0.99601716, 0.9929715, 0.9908056, 0.9775214, 0.9859812, 0.9733157, 0.9978734, 0.9974062, 0.9956222, 0.99463683, 0.9841887, 0.98116565]
id: 1
frame: 66
bbox: [487, 1016, 182, 336]
kpoint: [[1104, 546], [1116, 537], [1096, 535], [1138, 541], [1085, 536], [1157, 581], [1060, 577], [1162, 654], [1051, 647], [1124, 699], [1100, 696], [1138, 669], [1070, 668], [1162, 700], [1042, 699], [1158, 777], [1053, 779]]
score: [0.9782833, 0.95785856, 0.9414026, 0.8041158, 0.6767378, 0.9954293, 0.9956006, 0.98175645, 0.98178196, 0.96918195, 0.9707205, 0.9928276, 0.9932415, 0.9819215, 0.9833931, 0.9533259, 0.95740014]
id: 0
frame: 67
bbox: [308, 553, 176, 498]
kpoint: [[637, 380], [647, 372], [630, 370], [665, 370], [619, 367], [689, 412], [597, 414], [711, 448], [572, 498], [675, 404], [573, 557], [674, 560], [613, 558], [683, 664], [612, 656], [680, 768], [621, 751]]
score: [0.97141594, 0.93892515, 0.93108946, 0.7385941, 0.6640369, 0.99613357, 0.99386847, 0.99097836, 0.9812572, 0.9864661, 0.9771691, 0.99788624, 0.9975604, 0.9956157, 0.9949039, 0.9842164, 0.9818658]
id: 1
frame: 67
bbox: [488, 1016, 181, 336]
kpoint: [[1103, 545], [1116, 537], [1097, 534], [1138, 541], [1086, 535], [1158, 582], [1060, 577], [1163, 653], [1051, 646], [1125, 697], [1099, 695], [1138, 671], [1070, 669], [1163, 697], [1042, 695], [1158, 778], [1054, 780]]
score: [0.9784954, 0.959026, 0.94014865, 0.8108811, 0.66398513, 0.9953427, 0.99547476, 0.9812703, 0.9809176, 0.9683991, 0.96943295, 0.992415, 0.99281764, 0.98097724, 0.982462, 0.95142114, 0.95561945]
id: 0
frame: 68
bbox: [313, 554, 176, 494]
kpoint: [[635, 385], [645, 376], [629, 375], [663, 374], [618, 371], [689, 414], [597, 417], [711, 452], [573, 500], [672, 408], [572, 558], [675, 561], [614, 559], [683, 665], [613, 657], [681, 768], [623, 751]]
score: [0.9643091, 0.92753273, 0.9098465, 0.72997314, 0.605911, 0.99584156, 0.9929537, 0.9911169, 0.9795125, 0.9865798, 0.9755205, 0.99803513, 0.9976483, 0.996064, 0.9952475, 0.9858013, 0.98324436]
id: 1
frame: 68
bbox: [487, 1017, 180, 337]
kpoint: [[1103, 545], [1116, 536], [1096, 534], [1139, 541], [1086, 535], [1159, 581], [1061, 576], [1164, 651], [1052, 646], [1128, 695], [1100, 695], [1139, 668], [1070, 666], [1162, 697], [1042, 696], [1158, 777], [1055, 780]]
score: [0.97853225, 0.9603777, 0.93654937, 0.8212815, 0.63605005, 0.9953298, 0.99534446, 0.9814705, 0.98011935, 0.96899956, 0.96857697, 0.992709, 0.99299824, 0.9819856, 0.9831614, 0.953575, 0.95728236]
id: 0
frame: 69
bbox: [318, 553, 177, 489]
kpoint: [[635, 392], [645, 383], [629, 382], [664, 379], [618, 376], [691, 417], [598, 419], [713, 460], [573, 502], [671, 418], [572, 559], [675, 563], [614, 560], [684, 667], [614, 658], [680, 770], [624, 751]]
score: [0.97002643, 0.93944293, 0.9191994, 0.75941557, 0.6077253, 0.99650854, 0.99394834, 0.9930112, 0.9832914, 0.9896588, 0.98067594, 0.9982305, 0.9978655, 0.9962645, 0.9954535, 0.98583823, 0.9832123]
id: 1
frame: 69
bbox: [486, 1018, 179, 338]
kpoint: [[1103, 544], [1116, 535], [1097, 533], [1140, 539], [1087, 533], [1160, 580], [1062, 575], [1165, 651], [1051, 645], [1127, 695], [1101, 695], [1139, 667], [1071, 665], [1160, 699], [1041, 697], [1158, 780], [1056, 782]]
score: [0.9791135, 0.96068764, 0.93965495, 0.81845206, 0.6472644, 0.99501705, 0.9955149, 0.9802312, 0.98181576, 0.9679965, 0.9710297, 0.9919912, 0.9927618, 0.9796367, 0.9820848, 0.9466431, 0.9529962]
id: 0
frame: 70
bbox: [324, 554, 178, 484]
kpoint: [[640, 402], [650, 394], [633, 392], [666, 387], [621, 385], [693, 423], [599, 425], [714, 465], [575, 508], [671, 424], [573, 566], [677, 568], [615, 566], [685, 671], [614, 661], [680, 771], [626, 752]]
score: [0.96154404, 0.9196082, 0.905549, 0.71192634, 0.6122636, 0.9961681, 0.9936228, 0.99322516, 0.98474365, 0.9901884, 0.98237455, 0.9983619, 0.99804854, 0.99657613, 0.9958405, 0.9868008, 0.9843074]
id: 1
frame: 70
bbox: [484, 1019, 179, 340]
kpoint: [[1104, 541], [1117, 532], [1097, 530], [1141, 535], [1087, 530], [1160, 577], [1063, 572], [1164, 649], [1053, 642], [1127, 696], [1100, 694], [1141, 666], [1073, 664], [1162, 695], [1043, 694], [1159, 780], [1057, 782]]
score: [0.97883326, 0.9597293, 0.9387838, 0.8141626, 0.6455753, 0.99493754, 0.9955586, 0.9795227, 0.9818584, 0.96685445, 0.970915, 0.99241585, 0.9932549, 0.98182344, 0.9842425, 0.95331776, 0.95936996]
id: 0
frame: 71
bbox: [330, 554, 178, 479]
kpoint: [[637, 405], [647, 396], [630, 395], [665, 391], [620, 390], [693, 428], [600, 430], [712, 472], [575, 510], [673, 430], [570, 562], [677, 569], [615, 567], [686, 671], [615, 661], [681, 770], [627, 751]]
score: [0.9720238, 0.94547033, 0.9217098, 0.78194183, 0.6039246, 0.9969246, 0.99431026, 0.9936358, 0.98312557, 0.990359, 0.98053384, 0.9984211, 0.9980185, 0.9967419, 0.9958556, 0.9879688, 0.9852813]
id: 1
frame: 71
bbox: [482, 1020, 179, 342]
kpoint: [[1104, 539], [1117, 530], [1098, 528], [1142, 533], [1088, 528], [1162, 575], [1064, 570], [1163, 648], [1054, 642], [1127, 695], [1101, 692], [1142, 663], [1074, 662], [1161, 690], [1044, 690], [1159, 778], [1059, 782]]
score: [0.9782681, 0.9598722, 0.9333302, 0.82015604, 0.6123479, 0.9947282, 0.995227, 0.97825736, 0.9795909, 0.96459085, 0.9674549, 0.9924087, 0.9931306, 0.98303497, 0.98504514, 0.9577811, 0.96292704]
id: 0
frame: 72
bbox: [479, 1020, 179, 345]
kpoint: [[1104, 536], [1117, 527], [1098, 525], [1143, 531], [1089, 524], [1165, 573], [1064, 567], [1169, 645], [1055, 638], [1129, 691], [1101, 690], [1146, 660], [1076, 659], [1166, 693], [1045, 692], [1162, 778], [1060, 781]]
score: [0.97860897, 0.9616781, 0.93196213, 0.83051884, 0.59528244, 0.99457973, 0.9951365, 0.9772719, 0.9790084, 0.96359676, 0.96693265, 0.9922471, 0.9930472, 0.982251, 0.9845672, 0.9550485, 0.9610646]
id: 0
frame: 72
bbox: [336, 554, 179, 473]
kpoint: [[638, 408], [648, 399], [632, 398], [668, 396], [620, 394], [692, 435], [598, 440], [717, 469], [577, 520], [677, 432], [572, 578], [678, 579], [617, 578], [683, 673], [617, 667], [683, 765], [628, 754]]
score: [0.96785206, 0.9342972, 0.91872644, 0.72362727, 0.61431324, 0.9944866, 0.993811, 0.9841421, 0.9805166, 0.9781495, 0.97515386, 0.9977882, 0.9977761, 0.9956611, 0.9958031, 0.98513895, 0.98576015]
id: 1
frame: 73
bbox: [476, 1021, 179, 348]
kpoint: [[1104, 534], [1118, 525], [1098, 522], [1144, 529], [1089, 522], [1166, 570], [1064, 564], [1168, 644], [1055, 635], [1130, 691], [1099, 688], [1147, 658], [1076, 656], [1166, 693], [1045, 691], [1161, 777], [1060, 780]]
score: [0.9777528, 0.96181005, 0.927446, 0.8366172, 0.57424355, 0.99464923, 0.9947314, 0.977344, 0.9759074, 0.9624893, 0.96227694, 0.99250835, 0.99290776, 0.9829805, 0.9843334, 0.95669127, 0.9609113]
id: 0
frame: 73
bbox: [342, 554, 180, 467]
kpoint: [[635, 413], [645, 405], [629, 403], [668, 401], [620, 398], [694, 438], [600, 443], [718, 474], [576, 521], [677, 441], [572, 579], [679, 581], [618, 580], [684, 675], [618, 669], [683, 765], [629, 755]]
score: [0.96487135, 0.93440473, 0.8957783, 0.7528393, 0.52029616, 0.99438286, 0.9930472, 0.98520154, 0.9785832, 0.97975415, 0.9738703, 0.9978676, 0.99775034, 0.99575454, 0.9957048, 0.9851012, 0.9853331]
id: 1
frame: 74
bbox: [472, 1021, 179, 351]
kpoint: [[1106, 529], [1119, 521], [1100, 518], [1146, 525], [1092, 517], [1166, 567], [1065, 560], [1167, 643], [1054, 634], [1130, 691], [1100, 687], [1145, 657], [1074, 654], [1165, 687], [1046, 685], [1160, 776], [1060, 779]]
score: [0.97793466, 0.96149653, 0.92705977, 0.8343109, 0.57177293, 0.9947788, 0.99477637, 0.977849, 0.9757841, 0.9626839, 0.9616401, 0.9926648, 0.99295855, 0.9836164, 0.9847569, 0.95868, 0.96241045]
id: 0
frame: 74
bbox: [347, 553, 182, 462]
kpoint: [[639, 424], [649, 415], [632, 413], [670, 409], [620, 408], [695, 446], [600, 451], [720, 481], [575, 528], [682, 452], [571, 588], [680, 587], [619, 586], [684, 678], [618, 672], [683, 765], [630, 755]]
score: [0.9731463, 0.94301873, 0.93207556, 0.73444974, 0.6425266, 0.99437505, 0.9947058, 0.98203254, 0.9830971, 0.9764841, 0.9781315, 0.997601, 0.99782723, 0.9953661, 0.9960138, 0.9851413, 0.987018]
id: 1
frame: 75
bbox: [467, 1021, 179, 356]
kpoint: [[1107, 523], [1120, 514], [1101, 511], [1146, 517], [1093, 510], [1168, 560], [1066, 553], [1167, 640], [1056, 630], [1127, 690], [1098, 686], [1146, 656], [1075, 653], [1166, 683], [1047, 681], [1160, 777], [1060, 780]]
score: [0.97761506, 0.96187425, 0.92552954, 0.83560574, 0.561819, 0.9946229, 0.99408746, 0.97704417, 0.9709725, 0.96010697, 0.95435333, 0.99181306, 0.9916488, 0.9819173, 0.9819667, 0.9549002, 0.95674837]
id: 0
frame: 75
bbox: [353, 552, 183, 456]
kpoint: [[639, 427], [649, 418], [632, 416], [670, 415], [622, 412], [695, 454], [601, 458], [719, 489], [573, 538], [680, 453], [568, 602], [681, 593], [620, 591], [684, 682], [618, 674], [682, 766], [631, 753]]
score: [0.97080696, 0.93853617, 0.9258258, 0.7320827, 0.6308536, 0.9944438, 0.9947654, 0.9825755, 0.98349863, 0.9767194, 0.9780366, 0.9976452, 0.9978569, 0.9953631, 0.9959609, 0.98520446, 0.986951]
id: 1
frame: 76
bbox: [461, 1021, 179, 361]
kpoint: [[1108, 517], [1121, 507], [1101, 505], [1146, 509], [1092, 505], [1169, 553], [1067, 549], [1166, 634], [1057, 628], [1128, 687], [1095, 684], [1145, 647], [1074, 646], [1165, 688], [1046, 687], [1160, 780], [1060, 783]]
score: [0.9775329, 0.96205866, 0.92752415, 0.83422536, 0.5676946, 0.99457866, 0.99394447, 0.9773473, 0.97069234, 0.960986, 0.954448, 0.992141, 0.9918886, 0.98231715, 0.9821343, 0.9536079, 0.9549803]
id: 0
frame: 76
bbox: [359, 551, 184, 450]
kpoint: [[645, 434], [654, 425], [636, 425], [671, 420], [622, 420], [695, 458], [600, 465], [718, 495], [573, 544], [681, 462], [569, 604], [682, 596], [621, 595], [686, 683], [619, 676], [681, 765], [631, 752]]
score: [0.9663471, 0.91708934, 0.9363922, 0.63454247, 0.73622304, 0.99339265, 0.99533904, 0.9776072, 0.9867371, 0.9711821, 0.98109573, 0.997486, 0.99804, 0.9952761, 0.99648607, 0.98574406, 0.98873186]
id: 1
frame: 77
bbox: [454, 1021, 179, 368]
kpoint: [[1110, 509], [1123, 500], [1103, 498], [1147, 502], [1093, 498], [1171, 547], [1066, 542], [1166, 628], [1057, 619], [1130, 687], [1092, 679], [1146, 640], [1073, 639], [1166, 695], [1046, 694], [1161, 779], [1060, 782]]
score: [0.9778008, 0.9609762, 0.93301237, 0.82065076, 0.60215646, 0.9950894, 0.99454826, 0.9801974, 0.97480303, 0.9659156, 0.96119463, 0.99426204, 0.99409664, 0.9872037, 0.9871059, 0.96506715, 0.96603906]
id: 0
frame: 77
bbox: [367, 550, 185, 442]
kpoint: [[645, 443], [654, 434], [637, 433], [672, 429], [624, 429], [697, 466], [601, 472], [719, 503], [572, 551], [675, 469], [567, 609], [683, 599], [622, 599], [685, 683], [619, 677], [682, 761], [633, 749]]
score: [0.9520754, 0.89499754, 0.89640975, 0.63419783, 0.6342182, 0.9937238, 0.99400413, 0.9847359, 0.9850942, 0.97978055, 0.9805073, 0.99798894, 0.9981097, 0.9962011, 0.99650913, 0.98765904, 0.98856956]
id: 1
frame: 78
bbox: [446, 1022, 178, 375]
kpoint: [[1111, 499], [1125, 489], [1104, 487], [1149, 492], [1093, 487], [1170, 538], [1066, 533], [1164, 623], [1058, 614], [1131, 683], [1092, 672], [1147, 633], [1073, 631], [1165, 694], [1047, 694], [1162, 780], [1060, 785]]
score: [0.9765198, 0.9583096, 0.93185157, 0.8061249, 0.6066844, 0.99452066, 0.99405575, 0.9763713, 0.97071964, 0.95902425, 0.95433766, 0.9940251, 0.9938978, 0.98723024, 0.9871948, 0.9654177, 0.96644366]
id: 0
frame: 78
bbox: [374, 549, 186, 435]
kpoint: [[643, 451], [655, 442], [636, 440], [674, 438], [622, 436], [697, 476], [600, 482], [718, 515], [573, 563], [676, 475], [565, 620], [684, 604], [622, 603], [686, 684], [617, 678], [682, 760], [633, 748]]
score: [0.9694272, 0.93406177, 0.93066657, 0.7092584, 0.68178046, 0.9952241, 0.99511266, 0.9857739, 0.98443365, 0.98031414, 0.97924346, 0.99800414, 0.9980398, 0.9964091, 0.996549, 0.98926884, 0.9897575]
id: 1
frame: 79
bbox: [436, 1022, 178, 384]
kpoint: [[1111, 489], [1124, 479], [1104, 477], [1148, 481], [1094, 477], [1171, 528], [1067, 524], [1165, 612], [1056, 605], [1132, 673], [1094, 664], [1147, 630], [1074, 629], [1167, 694], [1048, 694], [1165, 779], [1058, 784]]
score: [0.9750451, 0.95575714, 0.928382, 0.80189216, 0.60248154, 0.99388003, 0.9935487, 0.970491, 0.96574736, 0.9486066, 0.94546545, 0.9931108, 0.9930763, 0.98444635, 0.9847681, 0.95815057, 0.96015114]
id: 0
frame: 79
bbox: [383, 548, 187, 427]
kpoint: [[642, 457], [654, 448], [635, 446], [673, 447], [623, 443], [696, 485], [601, 488], [718, 528], [573, 567], [678, 483], [561, 624], [682, 609], [621, 607], [682, 690], [614, 681], [686, 760], [636, 742]]
score: [0.9638258, 0.9300795, 0.9116024, 0.72129697, 0.6144032, 0.99497706, 0.9936527, 0.98577833, 0.97785646, 0.978877, 0.9699752, 0.99722654, 0.9968068, 0.9934941, 0.99251753, 0.98013306, 0.9783297]
id: 1
frame: 80
bbox: [425, 1023, 178, 393]
kpoint: [[1113, 478], [1126, 468], [1106, 466], [1150, 469], [1095, 464], [1171, 516], [1066, 511], [1164, 602], [1055, 595], [1129, 664], [1094, 659], [1149, 623], [1075, 622], [1168, 688], [1049, 689], [1165, 778], [1057, 783]]
score: [0.97365594, 0.9509564, 0.9306237, 0.7753008, 0.6315136, 0.9928798, 0.9932921, 0.96374303, 0.96439517, 0.93830425, 0.94216156, 0.9923488, 0.9927285, 0.98321253, 0.98445064, 0.95523053, 0.9590216]
id: 0
frame: 80
bbox: [391, 548, 186, 420]
kpoint: [[646, 460], [656, 452], [638, 450], [673, 451], [625, 449], [696, 489], [602, 493], [717, 533], [573, 569], [679, 493], [561, 624], [681, 611], [620, 610], [682, 689], [613, 681], [686, 758], [634, 741]]
score: [0.9479346, 0.89220816, 0.89372194, 0.6308268, 0.63477105, 0.99307233, 0.9931212, 0.9797403, 0.9786389, 0.97094786, 0.96937734, 0.99697906, 0.9969651, 0.9933376, 0.99336714, 0.98086447, 0.98120445]
id: 1
frame: 81
bbox: [399, 547, 187, 412]
kpoint: [[641, 474], [653, 465], [634, 464], [674, 462], [623, 460], [699, 496], [603, 499], [721, 542], [577, 575], [683, 504], [558, 641], [682, 612], [621, 610], [688, 693], [611, 682], [683, 762], [633, 741]]
score: [0.9638904, 0.93754387, 0.90808535, 0.7776616, 0.5668728, 0.9961671, 0.99545145, 0.9898691, 0.98594195, 0.984824, 0.9798749, 0.9984617, 0.9984067, 0.9971476, 0.9969637, 0.99207735, 0.99176776]
id: 1
frame: 81
bbox: [414, 1023, 178, 403]
kpoint: [[1113, 464], [1126, 454], [1106, 453], [1149, 456], [1094, 453], [1172, 505], [1066, 502], [1164, 591], [1055, 585], [1127, 654], [1091, 653], [1149, 612], [1074, 612], [1167, 687], [1048, 687], [1165, 778], [1059, 783]]
score: [0.97468513, 0.95155555, 0.9354061, 0.774878, 0.65016395, 0.99292326, 0.99415964, 0.9632298, 0.97061735, 0.93997914, 0.9515756, 0.99338984, 0.99422646, 0.9858612, 0.9879957, 0.9611504, 0.96664774]
id: 0
frame: 82
bbox: [402, 1024, 178, 414]
kpoint: [[1117, 451], [1129, 440], [1108, 440], [1150, 443], [1094, 441], [1173, 493], [1065, 491], [1167, 578], [1053, 575], [1131, 641], [1091, 645], [1151, 604], [1075, 604], [1169, 685], [1050, 685], [1162, 777], [1058, 780]]
score: [0.9784454, 0.9529673, 0.9534759, 0.7393632, 0.7433697, 0.99398637, 0.9955514, 0.9741697, 0.9826322, 0.9612307, 0.9726829, 0.99491274, 0.9957907, 0.98882467, 0.99094164, 0.9662456, 0.9717728]
id: 0
frame: 82
bbox: [407, 546, 189, 404]
kpoint: [[643, 480], [654, 472], [635, 470], [673, 469], [623, 468], [697, 504], [604, 508], [723, 548], [575, 584], [684, 510], [559, 656], [682, 617], [623, 615], [687, 694], [613, 683], [683, 762], [635, 738]]
score: [0.9652173, 0.93501127, 0.9208897, 0.7544905, 0.6349697, 0.99650687, 0.996031, 0.99180615, 0.9894015, 0.98793715, 0.984704, 0.9984492, 0.99840754, 0.996905, 0.99669445, 0.99108255, 0.9906523]
id: 1
frame: 83
bbox: [389, 1024, 179, 426]
kpoint: [[1117, 436], [1128, 426], [1108, 425], [1149, 429], [1094, 428], [1174, 483], [1066, 480], [1165, 573], [1052, 564], [1126, 638], [1088, 633], [1151, 600], [1075, 599], [1169, 681], [1052, 679], [1162, 778], [1057, 778]]
score: [0.9777094, 0.9506697, 0.9531775, 0.72883993, 0.74565756, 0.9931029, 0.9953037, 0.96755624, 0.98106706, 0.95145243, 0.9696171, 0.9938827, 0.9952163, 0.9864057, 0.9896289, 0.95982355, 0.967805]
id: 0
frame: 83
bbox: [416, 545, 190, 395]
kpoint: [[648, 488], [658, 479], [638, 478], [672, 476], [623, 476], [695, 511], [602, 518], [723, 556], [574, 595], [680, 518], [558, 666], [682, 622], [623, 622], [688, 696], [609, 686], [687, 761], [633, 739]]
score: [0.964265, 0.928175, 0.93397534, 0.71211433, 0.7222103, 0.99641967, 0.9960699, 0.99139106, 0.989437, 0.9870489, 0.9841771, 0.99813926, 0.99807525, 0.9961021, 0.995729, 0.9888149, 0.987927]
id: 1
frame: 84
bbox: [424, 544, 191, 386]
kpoint: [[644, 498], [655, 489], [635, 488], [672, 486], [621, 485], [696, 519], [603, 525], [725, 563], [575, 602], [679, 522], [557, 674], [683, 631], [623, 630], [685, 701], [605, 690], [689, 763], [632, 740]]
score: [0.97033185, 0.9490238, 0.9320547, 0.7936915, 0.6554077, 0.99698085, 0.9955277, 0.99264, 0.9853331, 0.9881753, 0.9789403, 0.99786574, 0.9973797, 0.9950139, 0.99343866, 0.98539865, 0.98201644]
id: 1
frame: 84
bbox: [374, 1024, 180, 438]
kpoint: [[1117, 424], [1129, 415], [1107, 414], [1149, 418], [1091, 418], [1166, 475], [1072, 470], [1161, 563], [1053, 551], [1126, 634], [1088, 623], [1148, 594], [1079, 592], [1166, 675], [1058, 675], [1171, 778], [1058, 780]]
score: [0.98171496, 0.96495783, 0.93450767, 0.8426636, 0.67591244, 0.9930884, 0.98981506, 0.9704231, 0.95052594, 0.950332, 0.92603344, 0.9933971, 0.9920387, 0.9827367, 0.9774155, 0.9480783, 0.937031]
id: 0
frame: 85
bbox: [431, 543, 192, 378]
kpoint: [[644, 505], [654, 496], [635, 495], [670, 492], [621, 492], [696, 525], [603, 530], [722, 572], [576, 605], [679, 529], [556, 674], [681, 637], [621, 635], [684, 704], [600, 690], [689, 766], [629, 738]]
score: [0.9613171, 0.9309976, 0.91981894, 0.7475388, 0.6489032, 0.9959137, 0.9949926, 0.989762, 0.9851632, 0.983939, 0.9775992, 0.9972057, 0.99694425, 0.99313664, 0.9920027, 0.9803335, 0.977845]
id: 1
frame: 85
bbox: [361, 1023, 181, 450]
kpoint: [[1119, 409], [1130, 400], [1109, 399], [1148, 405], [1092, 406], [1166, 462], [1072, 460], [1163, 545], [1051, 537], [1126, 619], [1090, 614], [1147, 583], [1079, 581], [1161, 672], [1060, 674], [1170, 779], [1059, 781]]
score: [0.9823313, 0.96556485, 0.93748707, 0.84319025, 0.68713194, 0.99321055, 0.9903996, 0.9699518, 0.9520205, 0.94994324, 0.92761946, 0.9941168, 0.9930409, 0.9850035, 0.98064893, 0.95494735, 0.9457237]
id: 0
frame: 86
bbox: [439, 541, 193, 370]
kpoint: [[648, 510], [657, 501], [638, 502], [670, 498], [622, 502], [697, 533], [603, 541], [718, 578], [573, 617], [677, 542], [557, 690], [681, 643], [620, 643], [682, 701], [595, 689], [685, 765], [622, 739]]
score: [0.9431692, 0.8893384, 0.90875536, 0.64696, 0.70070016, 0.99384224, 0.9942769, 0.9839518, 0.9849043, 0.9751458, 0.97465646, 0.99576086, 0.9959643, 0.9891166, 0.9888727, 0.97008497, 0.96923053]
id: 1
frame: 86
bbox: [346, 1023, 181, 462]
kpoint: [[1119, 396], [1130, 388], [1109, 387], [1147, 393], [1092, 393], [1164, 450], [1071, 449], [1165, 532], [1051, 529], [1126, 609], [1089, 609], [1146, 574], [1079, 573], [1160, 666], [1061, 669], [1169, 778], [1059, 781]]
score: [0.982723, 0.965451, 0.9381334, 0.8399536, 0.68921775, 0.9935765, 0.9908614, 0.9719169, 0.9544748, 0.9536222, 0.9319752, 0.99486285, 0.99388224, 0.9872034, 0.9833367, 0.96102816, 0.9525729]
id: 0
frame: 87
bbox: [445, 540, 194, 363]
kpoint: [[643, 520], [655, 511], [634, 510], [674, 507], [619, 509], [701, 544], [600, 550], [720, 580], [571, 625], [680, 541], [551, 696], [684, 652], [619, 651], [688, 715], [597, 703], [687, 770], [629, 749]]
score: [0.9706837, 0.93938434, 0.9459178, 0.7353448, 0.7312347, 0.99529415, 0.9968606, 0.9875529, 0.99291646, 0.9838653, 0.9892965, 0.9974498, 0.9981421, 0.99519163, 0.9964143, 0.9873202, 0.9898286]
id: 1
frame: 87
bbox: [333, 1023, 181, 473]
kpoint: [[1119, 384], [1130, 375], [1108, 375], [1147, 381], [1091, 383], [1164, 440], [1071, 440], [1162, 526], [1052, 522], [1125, 604], [1092, 603], [1145, 568], [1078, 567], [1157, 665], [1062, 668], [1168, 778], [1060, 781]]
score: [0.9827456, 0.96531284, 0.93803656, 0.84147114, 0.6931315, 0.9937778, 0.99118704, 0.9721166, 0.9550327, 0.9533192, 0.93201476, 0.9952825, 0.99439466, 0.98836774, 0.98486644, 0.96470636, 0.9570542]
id: 0
frame: 88
bbox: [324, 1024, 181, 485]
kpoint: [[1117, 370], [1128, 360], [1108, 360], [1147, 368], [1092, 366], [1168, 429], [1065, 426], [1167, 514], [1049, 508], [1131, 585], [1084, 583], [1148, 563], [1075, 562], [1162, 670], [1057, 670], [1162, 776], [1058, 778]]
score: [0.97566754, 0.9451733, 0.95357126, 0.7007606, 0.76840264, 0.99245906, 0.99462193, 0.96508473, 0.9781936, 0.94960344, 0.96672076, 0.9948299, 0.9958101, 0.98812556, 0.9905273, 0.95966035, 0.9662833]
id: 0
frame: 88
bbox: [452, 539, 195, 355]
kpoint: [[644, 524], [655, 516], [635, 515], [673, 513], [621, 513], [701, 551], [602, 554], [722, 590], [575, 626], [683, 548], [550, 697], [684, 660], [621, 656], [688, 723], [600, 708], [688, 775], [629, 748]]
score: [0.9675697, 0.936374, 0.937141, 0.7420694, 0.69888246, 0.99542445, 0.99624735, 0.98883796, 0.9913807, 0.98481166, 0.9873712, 0.9971699, 0.9976609, 0.9939556, 0.9948383, 0.9829023, 0.98478323]
id: 1
frame: 89
bbox: [308, 1024, 181, 497]
kpoint: [[1117, 360], [1129, 351], [1107, 351], [1149, 359], [1091, 359], [1165, 422], [1071, 419], [1165, 508], [1051, 498], [1127, 587], [1084, 579], [1143, 557], [1076, 556], [1156, 658], [1062, 663], [1165, 773], [1061, 775]]
score: [0.9817983, 0.9647759, 0.93329465, 0.84619164, 0.67923653, 0.99392045, 0.9913091, 0.9733512, 0.95576566, 0.9521149, 0.92905706, 0.9959334, 0.99514765, 0.9892624, 0.9860232, 0.9637801, 0.95592153]
id: 0
frame: 89
bbox: [460, 539, 196, 347]
kpoint: [[650, 532], [661, 522], [639, 522], [674, 521], [620, 522], [696, 558], [598, 566], [722, 595], [565, 643], [681, 554], [551, 717], [681, 663], [618, 663], [690, 727], [602, 718], [686, 772], [627, 752]]
score: [0.97109115, 0.9272726, 0.9612453, 0.6452245, 0.84274244, 0.9956379, 0.9973744, 0.98922426, 0.9948553, 0.98609215, 0.99189055, 0.9972976, 0.99806434, 0.99425554, 0.9957444, 0.9842376, 0.98722315]
id: 1
frame: 90
bbox: [468, 539, 196, 339]
kpoint: [[647, 537], [657, 528], [638, 527], [672, 529], [623, 529], [694, 567], [602, 575], [718, 604], [569, 650], [678, 564], [559, 717], [680, 673], [620, 674], [681, 726], [603, 718], [691, 768], [632, 750]]
score: [0.9635549, 0.92513305, 0.9261411, 0.70073974, 0.70825785, 0.9953547, 0.99466085, 0.98705554, 0.98236364, 0.9797015, 0.97324544, 0.9955246, 0.994904, 0.9869992, 0.9849134, 0.9617387, 0.95795184]
id: 1
frame: 90
bbox: [295, 1024, 180, 508]
kpoint: [[1115, 350], [1127, 341], [1105, 340], [1149, 349], [1090, 349], [1165, 412], [1072, 410], [1166, 499], [1051, 491], [1133, 579], [1081, 569], [1143, 552], [1076, 551], [1155, 654], [1064, 657], [1162, 769], [1063, 771]]
score: [0.9818062, 0.96721554, 0.93170565, 0.861304, 0.660212, 0.993605, 0.9910395, 0.968506, 0.9491341, 0.9418769, 0.9155176, 0.99583435, 0.99514705, 0.98994935, 0.9872776, 0.9689524, 0.963119]
id: 0
frame: 91
bbox: [284, 1023, 181, 519]
kpoint: [[1117, 339], [1128, 328], [1107, 328], [1147, 335], [1091, 335], [1168, 399], [1067, 399], [1174, 485], [1048, 484], [1139, 565], [1078, 556], [1147, 544], [1077, 544], [1157, 657], [1058, 660], [1156, 770], [1055, 776]]
score: [0.96957856, 0.93944186, 0.937376, 0.72359717, 0.70895547, 0.99280787, 0.99326116, 0.9638265, 0.96393216, 0.9411561, 0.9437291, 0.9959767, 0.9963659, 0.99237734, 0.9932155, 0.9757888, 0.9775419]
id: 0
frame: 91
bbox: [476, 539, 196, 330]
kpoint: [[646, 545], [657, 536], [638, 535], [673, 536], [623, 535], [696, 573], [602, 580], [719, 611], [569, 653], [674, 567], [558, 719], [680, 678], [620, 678], [683, 730], [603, 721], [689, 774], [631, 753]]
score: [0.9686746, 0.9384948, 0.9330573, 0.73925483, 0.70246917, 0.9953785, 0.99454176, 0.9868874, 0.9813204, 0.9794392, 0.97190136, 0.9939946, 0.993056, 0.979921, 0.9763594, 0.9383855, 0.93184704]
id: 1
frame: 92
bbox: [280, 1022, 181, 528]
kpoint: [[1115, 332], [1127, 323], [1104, 323], [1148, 331], [1089, 331], [1166, 394], [1071, 396], [1175, 477], [1052, 477], [1140, 559], [1080, 552], [1145, 544], [1077, 544], [1154, 653], [1065, 658], [1162, 769], [1063, 773]]
score: [0.98448294, 0.97130525, 0.93951654, 0.86806494, 0.67338747, 0.9944438, 0.99159104, 0.972995, 0.9517261, 0.95121706, 0.92282623, 0.9962446, 0.9954277, 0.9903346, 0.98718876, 0.96798676, 0.96065795]
id: 0
frame: 92
bbox: [482, 539, 196, 323]
kpoint: [[647, 549], [657, 540], [638, 539], [673, 539], [624, 540], [696, 578], [604, 583], [718, 617], [572, 654], [678, 572], [558, 718], [679, 682], [619, 681], [686, 733], [606, 721], [688, 778], [629, 753]]
score: [0.9655087, 0.93087745, 0.930546, 0.717501, 0.7070206, 0.99447125, 0.99419075, 0.9820083, 0.9793832, 0.97188133, 0.96766865, 0.9929075, 0.99239695, 0.976542, 0.9748447, 0.93173796, 0.9296057]
id: 1
frame: 93
bbox: [268, 1022, 181, 536]
kpoint: [[1113, 325], [1126, 315], [1103, 315], [1148, 323], [1088, 323], [1167, 390], [1071, 389], [1176, 473], [1050, 468], [1147, 551], [1079, 543], [1145, 545], [1078, 543], [1154, 653], [1064, 658], [1161, 767], [1061, 772]]
score: [0.98502237, 0.9734998, 0.939297, 0.8772947, 0.65355814, 0.99432486, 0.99126244, 0.97117954, 0.9478595, 0.9481087, 0.91671723, 0.99607086, 0.9952229, 0.990044, 0.98689246, 0.9678457, 0.9607421]
id: 0
frame: 93
bbox: [486, 540, 195, 317]
kpoint: [[651, 550], [661, 541], [641, 541], [674, 541], [624, 542], [694, 580], [604, 587], [717, 620], [573, 658], [677, 576], [558, 720], [678, 684], [620, 684], [685, 732], [606, 722], [688, 776], [629, 753]]
score: [0.967221, 0.926942, 0.94353837, 0.67431813, 0.77341133, 0.9943011, 0.99483675, 0.980554, 0.98219925, 0.97029084, 0.97119033, 0.99251443, 0.99254626, 0.97581464, 0.9758295, 0.9324681, 0.933401]
id: 1
frame: 94
bbox: [489, 541, 194, 313]
kpoint: [[651, 549], [661, 540], [641, 540], [674, 540], [624, 542], [696, 581], [606, 587], [717, 621], [578, 656], [676, 583], [560, 717], [681, 684], [622, 684], [686, 729], [607, 719], [687, 773], [629, 750]]
score: [0.96578735, 0.92942476, 0.9360343, 0.69946384, 0.74059755, 0.9946707, 0.9939049, 0.98098606, 0.97533065, 0.96916276, 0.9615952, 0.9932588, 0.99233896, 0.98035276, 0.97748715, 0.94830424, 0.9437718]
id: 1
frame: 94
bbox: [264, 1022, 181, 544]
kpoint: [[1112, 317], [1125, 308], [1102, 307], [1148, 316], [1088, 317], [1166, 385], [1071, 384], [1177, 470], [1051, 464], [1149, 550], [1081, 541], [1145, 544], [1078, 543], [1154, 653], [1064, 658], [1161, 766], [1059, 770]]
score: [0.98514044, 0.97342867, 0.93898445, 0.8773526, 0.6509363, 0.99439985, 0.9914621, 0.9713983, 0.9490171, 0.94839436, 0.91810805, 0.9960931, 0.99527323, 0.9898169, 0.9866767, 0.966773, 0.9596605]
id: 0
frame: 95
bbox: [490, 543, 193, 309]
kpoint: [[649, 550], [659, 541], [639, 541], [674, 541], [623, 542], [695, 580], [606, 586], [715, 623], [578, 657], [676, 585], [562, 718], [680, 682], [622, 681], [685, 726], [606, 716], [687, 772], [627, 750]]
score: [0.969907, 0.94061637, 0.9409172, 0.73292935, 0.73732924, 0.9949661, 0.9937239, 0.98011404, 0.97058624, 0.96614075, 0.9535693, 0.99243695, 0.9909561, 0.9776923, 0.97312546, 0.94214016, 0.9349301]
id: 1
frame: 95
bbox: [258, 1021, 181, 551]
kpoint: [[1111, 313], [1123, 304], [1101, 303], [1147, 312], [1087, 312], [1166, 380], [1072, 379], [1178, 464], [1050, 458], [1156, 544], [1080, 537], [1144, 543], [1077, 542], [1154, 653], [1063, 658], [1162, 765], [1059, 769]]
score: [0.985468, 0.9745248, 0.9366737, 0.8830432, 0.6306329, 0.9947699, 0.9913522, 0.9742002, 0.94860566, 0.95342344, 0.9189855, 0.9963176, 0.9953434, 0.9900361, 0.9863937, 0.96640736, 0.9581257]
id: 0
frame: 96
bbox: [490, 545, 192, 307]
kpoint: [[648, 551], [659, 541], [639, 541], [673, 540], [623, 541], [694, 578], [605, 584], [716, 621], [578, 656], [676, 587], [564, 719], [680, 678], [621, 678], [685, 723], [605, 713], [687, 768], [625, 746]]
score: [0.9691124, 0.93977857, 0.93812776, 0.7354849, 0.7286033, 0.99527997, 0.99375206, 0.9815187, 0.97025, 0.9678706, 0.95321023, 0.993545, 0.99201864, 0.9819164, 0.97750056, 0.95369107, 0.9466835]
id: 1
frame: 96
bbox: [254, 1020, 182, 555]
kpoint: [[1112, 307], [1124, 299], [1102, 298], [1147, 308], [1088, 308], [1165, 377], [1071, 376], [1179, 458], [1050, 456], [1164, 535], [1078, 535], [1145, 544], [1077, 543], [1152, 655], [1064, 661], [1162, 764], [1054, 770]]
score: [0.9860293, 0.9747277, 0.93946356, 0.8762615, 0.6378951, 0.99498177, 0.99112964, 0.97601694, 0.9483841, 0.9597507, 0.9252445, 0.99652785, 0.99542534, 0.99140435, 0.98772717, 0.9739525, 0.96627766]
id: 0
frame: 97
bbox: [489, 548, 190, 307]
kpoint: [[649, 550], [659, 541], [639, 541], [673, 539], [623, 541], [695, 575], [606, 582], [716, 619], [580, 654], [676, 588], [567, 718], [680, 675], [622, 675], [686, 719], [607, 710], [687, 765], [628, 744]]
score: [0.96916467, 0.9394058, 0.93792784, 0.73418057, 0.7297324, 0.9954986, 0.9938448, 0.98329127, 0.97171897, 0.97099924, 0.95617276, 0.9940116, 0.9924471, 0.9833688, 0.97894865, 0.9569553, 0.9497556]
id: 1
frame: 97
bbox: [251, 1020, 183, 558]
kpoint: [[1110, 305], [1122, 297], [1100, 296], [1146, 306], [1087, 306], [1166, 376], [1071, 374], [1179, 457], [1049, 453], [1166, 534], [1073, 529], [1145, 544], [1077, 543], [1153, 656], [1063, 662], [1163, 765], [1054, 771]]
score: [0.9863619, 0.9760115, 0.93759173, 0.88336545, 0.6195388, 0.9952725, 0.9910592, 0.9777698, 0.947476, 0.96237755, 0.9247704, 0.9966881, 0.9954844, 0.99167234, 0.98771673, 0.97415316, 0.96588176]
id: 0
frame: 98
bbox: [488, 551, 188, 306]
kpoint: [[648, 548], [658, 540], [639, 539], [672, 538], [624, 537], [697, 574], [605, 575], [720, 616], [579, 647], [682, 594], [567, 715], [683, 673], [623, 670], [692, 722], [611, 711], [688, 769], [629, 749]]
score: [0.9705062, 0.93338424, 0.94538337, 0.7173388, 0.7601602, 0.9952892, 0.9961642, 0.989935, 0.99217224, 0.9864926, 0.98900175, 0.99445844, 0.9955429, 0.9829873, 0.9860897, 0.95013565, 0.9559237]
id: 1
frame: 98
bbox: [248, 1020, 184, 560]
kpoint: [[1110, 302], [1123, 294], [1101, 293], [1147, 304], [1087, 303], [1167, 375], [1071, 373], [1183, 456], [1049, 452], [1169, 533], [1071, 528], [1146, 543], [1078, 542], [1154, 655], [1064, 661], [1163, 764], [1055, 769]]
score: [0.98653805, 0.97597015, 0.9387192, 0.8822243, 0.623437, 0.9952619, 0.9913533, 0.9775119, 0.94924647, 0.962294, 0.92702496, 0.9967043, 0.9955863, 0.9916644, 0.98792386, 0.9740441, 0.9661933]
id: 0
frame: 99
bbox: [487, 552, 187, 305]
kpoint: [[649, 549], [659, 541], [640, 540], [673, 540], [625, 538], [696, 574], [605, 576], [722, 615], [579, 648], [685, 594], [568, 717], [683, 671], [623, 669], [693, 721], [612, 712], [688, 767], [628, 749]]
score: [0.96964055, 0.9274104, 0.946716, 0.6888889, 0.77594376, 0.99509674, 0.99646974, 0.9901035, 0.9936114, 0.9873672, 0.9910266, 0.99487805, 0.9961598, 0.98480344, 0.9884582, 0.95562947, 0.96282405]
id: 1
frame: 99
bbox: [246, 1021, 185, 563]
kpoint: [[1111, 300], [1123, 291], [1101, 290], [1147, 302], [1088, 301], [1168, 373], [1071, 372], [1184, 455], [1051, 453], [1171, 531], [1070, 530], [1148, 543], [1080, 542], [1156, 653], [1064, 659], [1164, 764], [1056, 768]]
score: [0.98661333, 0.97576684, 0.9386961, 0.8812003, 0.6252556, 0.99539053, 0.9917054, 0.97828317, 0.9515935, 0.96364725, 0.9301831, 0.9968804, 0.9958417, 0.99211067, 0.98859495, 0.9752509, 0.96784025]
id: 0
