FRAME
103
KEYPOINT
[[[[1032.   334.8]
   [1041.   325.8]
   [1023.5  325.8]
   [106
   3.   330.2]
   [1019.   330.2]
   [1081.   391.8]
   [1014.5  383. ]
   [1103.   462. ]
   [1001.5  435.8]
   [1045.   470.8]
   [1006.   457.8]
   [1063.   519. ]
   [1014.5  515. ]
   [1063.   607. ]
   [1028.   611.5]
   [1063.   704. ]
   [1037.   695. ]]

  [[1032.   334. ]
   [1041.   325. ]
   [1023.   325. ]
   [1063.   329.5]
   [1018.5  329.5]
   [1081.   392.5]
   [1014.   379. ]
   [1104.   459.8]
   [1000.5  437.5]
   [1045.   473.2]
   [1005.   459.8]
   [1063.   518. ]
   [1014.   518. ]
   [1063.   608. ]
   [1027.   612.5]
   [1063.   707. ]
   [1036.   693.5]]

  [[1032.   334. ]
   [1041.   325. ]
   [1023.   325. ]
   [1063.   329.5]
   [1018.5  329.5]
   [1081.   392.5]
   [1014.   383.5]
   [1104.   459.8]
   [1000.5  437.5]
   [1045.   473.2]
   [1005.   459.8]
   [1063.   518. ]
   [1014.   514. ]
   [1063.   612.5]
   [1027.   612.5]
   [1063.   707. ]
   [1036.   698. ]]

  [[1032.   334.8]
   [1041.   325.8]
   [1023.5  325.8]
   [1063.   330.2]
   [1019.   330.2]
   [1081.   391.8]
   [1014.5  383. ]
   [1103.   462. ]
   [1001.5  435.8]
   [1045.   470.8]
   [1006.   462. ]
   [1063.   519. ]
   [1014.5  515. ]
   [1063.   607. ]
   [1028.   611.5]
   [1063.   704. ]
   [1037.   695. ]]

  [[1032.   334.5]
   [1041.   325.8]
   [1023.5  325.8]
   [1063.   330. ]
   [1019.   330. ]
   [1080.   391.2]
   [1015.   382.5]
   [1102.   461.2]
   [1001.5  435. ]
   [1045.   470. ]
   [1006.   461.2]
   [1063.   518. ]
   [1015.   514. ]
   [1063.   610. ]
   [1028.   610. ]
   [1063.   706.5]
   [1037.   697.5]]

  [[1032.   334.8]
   [1041.   325.8]
   [1023.5  325.8]
   [1063.   330.2]
   [1019.   330.2]
   [1081.   391.8]
   [1014.5  383. ]
   [1103.   462. ]
   [1001.5  435.8]
   [1045.   470.8]
   [1001.5  457.8]
   [1063.   519. ]
   [1014.5  515. ]
   [1063.   607. ]
   [1028.   611.5]
   [1063.   704. ]
   [1037.   695. ]]

  [[1032.   334.5]
   [1041.   325.8]
   [1023.5  325.8]
   [1063.   330. ]
   [1019.   330. ]
   [1080.   391.2]
   [1015.   382.5]
   [1102.   461.2]
   [1001.5  435. ]
   [1045.   470. ]
   [1001.5  461.2]
   [1063.   518. ]
   [1015.   514. ]
   [1063.   610. ]
   [1028.   610. ]
   [1063.   702. ]
   [1037.   697.5]]

  [[1032.   334.8]
   [1041.   325.8]
   [1023.5  325.8]
   [1063.   330.2]
   [1019.   330.2]
   [1081.   391.8]
   [1014.5  383. ]
   [1103.   462. ]
   [1001.5  435.8]
   [1045.   470.8]
   [1006.   462. ]
   [1063.   519. ]
   [1014.5  515. ]
   [1063.   607. ]
   [1028.   611.5]
   [1063.   704. ]
   [1037.   695. ]]

  [[1032.   334.5]
   [1041.   325.8]
   [1023.5  325.8]
   [1063.   330. ]
   [1019.   330. ]
   [1080.   391.2]
   [1015.   382.5]
   [1102.   461.2]
   [1001.5  439.5]
   [1045.   470. ]
   [1001.5  461.2]
   [1063.   518. ]
   [1015.   514. ]
   [1063.   610. ]
   [1028.   610. ]
   [1067.   706.5]
   [1037.   697.5]]

  [[1031.   334.8]
   [1044.   325.8]
   [1022.5  325.8]
   [1062.   330.2]
   [1018.   330.2]
   [1080.   391.8]
   [1013.5  383. ]
   [1102.   462. ]
   [1000.5  435.8]
   [1044.   470.8]
   [1005.   462. ]
   [1062.   519. ]
   [1013.5  515. ]
   [1062.   607. ]
   [1027.   611.5]
   [1066.   704. ]
   [1040.   695. ]]

  [[1031.   334.8]
   [1044.   325.8]
   [1022.5  325.8]
   [1062.   330.2]
   [1018.   330.2]
   [1080.   391.8]
   [1013.5  383. ]
   [1102.   462. ]
   [1000.5  435.8]
   [1044.   470.8]
   [1000.5  457.8]
   [1062.   519. ]
   [1013.5  515. ]
   [1062.   607. ]
   [1027.   611.5]
   [1066.   704. ]
   [1040.   695. ]]

  [[1028.   334.8]
   [1041.   325.8]
   [1023.5  325.8]
   [1063.   330.2]
   [1019.   330.2]
   [1081.   391.8]
   [1014.5  383. ]
   [1103.   462. ]
   [1001.5  435.8]
   [1045.   470.8]
   [1001.5  457.8]
   [1063.   519. ]
   [1014.5  515. ]
   [1063.   607. ]
   [1028.   611.5]
   [1063.   704. ]
   [1037.   695. ]]

  [[1030.   334.8]
   [1043.   325.8]
   [1026.   325.8]
   [1061.   330.2]
   [1017.   330.2]
   [1083.   391.8]
   [1012.5  383. ]
   [1105.   462. ]
   [ 999.5  435.8]
   [1043.   470.8]
   [1004.   457.8]
   [1061.   519. ]
   [1012.5  515. ]
   [1061.   607. ]
   [1026.   607. ]
   [1065.   704. ]
   [1039.   695. ]]

  [[1030.   333.8]
   [1043.   325. ]
   [1025.   325. ]
   [1061.   329.5]
   [1016.5  329.5]
   [1079.   392. ]
   [1012.   383. ]
   [1101.   459. ]
   [ 998.5  436.8]
   [1043.   472.5]
   [1003.   463.5]
   [1061.   517. ]
   [1016.5  513. ]
   [1061.   606.5]
   [1025.   611. ]
   [1066.   705. ]
   [1039.   696. ]]

  [[1028.   334.8]
   [1041.   325.8]
   [1023.5  325.8]
   [1063.   330.2]
   [1019.   330.2]
   [1081.   391.8]
   [1014.5  383. ]
   [1103.   462. ]
   [1001.5  435.8]
   [1045.   470.8]
   [1001.5  457.8]
   [1063.   519. ]
   [1014.5  515. ]
   [1063.   607. ]
   [1028.   611.5]
   [1063.   704. ]
   [1037.   695. ]]

  [[1032.   334.8]
   [1041.   325.5]
   [1022.5  325.5]
   [1063.   330.2]
   [1018.   330.2]
   [1082.   389.2]
   [1013.5  380.2]
   [1104.   462. ]
   [ 999.5  439.2]
   [1045.   471.2]
   [1004.   462. ]
   [1063.   516.5]
   [1013.5  516.5]
   [1063.   607.5]
   [1027.   607.5]
   [1063.   703.5]
   [1036.   694. ]]

  [[1030.   334.8]
   [1043.   325.8]
   [1026.   325.8]
   [1061.   330.2]
   [1017.   330.2]
   [1083.   391.8]
   [1012.5  383. ]
   [1105.   462. ]
   [ 999.5  435.8]
   [1043.   470.8]
   [1004.   457.8]
   [1061.   519. ]
   [1012.5  515. ]
   [1061.   607. ]
   [1026.   611.5]
   [1065.   704. ]
   [1039.   695. ]]

  [[1032.   334.8]
   [1041.   325.5]
   [1022.5  325.5]
   [1063.   330.2]
   [1018.   330.2]
   [1082.   389.2]
   [1013.5  380.2]
   [1104.   462. ]
   [ 999.5  439.2]
   [1045.   471.2]
   [1004.   462. ]
   [1063.   516.5]
   [1013.5  516.5]
   [1063.   607.5]
   [1027.   607.5]
   [1063.   703.5]
   [1041.   699. ]]

  [[1028.   333.8]
   [1041.   325. ]
   [1023.5  325. ]
   [1064.   329.5]
   [1019.   329.5]
   [1082.   392. ]
   [1010.   383. ]
   [1104.   459. ]
   [1001.   436.8]
   [1046.   472.5]
   [1005.5  463.5]
   [1059.   517. ]
   [1014.5  513. ]
   [1064.   606.5]
   [1028.   611. ]
   [1064.   700.5]
   [1037.   696. ]]

  [[1032.   333.8]
   [1041.   325. ]
   [1023.5  325. ]
   [1064.   329.5]
   [1019.   329.5]
   [1082.   392. ]
   [1010.   383. ]
   [1104.   459. ]
   [1001.   436.8]
   [1046.   472.5]
   [1005.5  463.5]
   [1059.   517. ]
   [1014.5  517. ]
   [1064.   606.5]
   [1028.   611. ]
   [1064.   700.5]
   [1037.   696. ]]

  [[1029.   333.8]
   [1042.   325. ]
   [1024.   325. ]
   [1065.   329.5]
   [1015.5  329.5]
   [1083.   392. ]
   [1011.   383. ]
   [1105.   459. ]
   [1002.   436.8]
   [1047.   472.5]
   [1002.   468. ]
   [1060.   517. ]
   [1015.5  517. ]
   [1060.   606.5]
   [1029.   611. ]
   [1065.   700.5]
   [1038.   696. ]]

  [[1028.   335.8]
   [1041.   327. ]
   [1023.5  327. ]
   [1064.   331.5]
   [1019.   331.5]
   [1082.   389.5]
   [1014.5  380.5]
   [1104.   461. ]
   [1001.   438.8]
   [1046.   470. ]
   [1001.   470. ]
   [1059.   519. ]
   [1014.5  515. ]
   [1064.   608.5]
   [1028.   608.5]
   [1064.   702.5]
   [1037.   693.5]]

  [[1029.   335.8]
   [1042.   327. ]
   [1024.   327. ]
   [1065.   331.5]
   [1020.   331.5]
   [1083.   389.5]
   [1011.   380.5]
   [1105.   461. ]
   [1002.   438.8]
   [1047.   470. ]
   [ 997.5  474.5]
   [1060.   519. ]
   [1015.5  515. ]
   [1060.   608.5]
   [1029.   608.5]
   [1065.   702.5]
   [1038.   693.5]]

  [[1028.   335.8]
   [1041.   327. ]
   [1023.5  327. ]
   [1064.   331.5]
   [1019.   331.5]
   [1082.   389.5]
   [1014.5  380.5]
   [1104.   461. ]
   [1001.   443.2]
   [1046.   470. ]
   [ 996.5  483.5]
   [1059.   519. ]
   [1014.5  515. ]
   [1064.   608.5]
   [1028.   608.5]
   [1064.   702.5]
   [1037.   693.5]]

  [[1029.   335.8]
   [1042.   327. ]
   [1024.   327. ]
   [1065.   331.5]
   [1020.   331.5]
   [1083.   389.5]
   [1015.5  380.5]
   [1105.   461. ]
   [1002.   443.2]
   [1047.   470. ]
   [ 997.5  492.5]
   [1060.   519. ]
   [1015.5  515. ]
   [1065.   608.5]
   [1029.   608.5]
   [1065.   702.5]
   [1038.   693.5]]

  [[1032.   335.8]
   [1041.   327. ]
   [1023.5  327. ]
   [1064.   331.5]
   [1019.   331.5]
   [1082.   389.5]
   [1014.5  380.5]
   [1104.   461. ]
   [1001.   443.2]
   [1046.   465.5]
   [ 996.5  492.5]
   [1064.   519. ]
   [1014.5  515. ]
   [1064.   608.5]
   [1028.   608.5]
   [1064.   702.5]
   [1037.   693.5]]

  [[1031.   338.2]
   [1040.   325. ]
   [1022.5  325. ]
   [1063.   329.5]
   [1018.   329.5]
   [1081.   392. ]
   [1013.5  383. ]
   [1103.   459. ]
   [1000.   445.8]
   [1045.   463.5]
   [ 991.   499.2]
   [1063.   517. ]
   [1013.5  517. ]
   [1063.   606.5]
   [1027.   611. ]
   [1063.   705. ]
   [1040.   696. ]]

  [[1032.   334.2]
   [1041.   325.2]
   [1023.   325.2]
   [1064.   329.8]
   [1018.5  329.8]
   [1082.   388.5]
   [1014.   384. ]
   [1100.   460.5]
   [1000.5  451.5]
   [1041.   456. ]
   [ 991.5  505.8]
   [1064.   519.5]
   [1014.   514.5]
   [1064.   609.5]
   [1028.   609.5]
   [1064.   704. ]
   [1037.   695. ]]

  [[1030.   336.8]
   [1039.   323.2]
   [1026.   327.8]
   [1062.   332.2]
   [1021.   332.2]
   [1084.   391. ]
   [1012.   382. ]
   [1098.   463. ]
   [1003.   454. ]
   [1039.   449.5]
   [ 989.5  508.2]
   [1062.   517.5]
   [1016.5  512.5]
   [1062.   607.5]
   [1026.   612. ]
   [1066.   702. ]
   [1039.   693. ]]

  [[1031.   337.5]
   [1040.   328.5]
   [1022.5  324.2]
   [1062.   333. ]
   [1018.   328.5]
   [1085.   390.8]
   [1013.5  381.8]
   [1098.   461.5]
   [1000.5  448.2]
   [1040.   439.5]
   [ 987.   510.2]
   [1062.   515. ]
   [1013.5  515. ]
   [1062.   608. ]
   [1027.   612.5]
   [1062.   701. ]
   [1040.   696.5]]

  [[1030.   335.5]
   [1039.   326.5]
   [1026.   326.5]
   [1066.   331. ]
   [1021.5  331. ]
   [1084.   388.8]
   [1012.5  384.2]
   [1092.   459.5]
   [1003.5  450.8]
   [1039.   428.5]
   [ 986.   513. ]
   [1061.   517. ]
   [1012.5  513. ]
   [1061.   610.5]
   [1030.   610.5]
   [1066.   703.5]
   [1039.   694.5]]

  [[1030.   334. ]
   [1039.   325. ]
   [1025.   325. ]
   [1066.   329.5]
   [1021.   329.5]
   [1084.   388. ]
   [1016.5  383.5]
   [1088.   459.8]
   [1003.   450.8]
   [1039.   419.5]
   [ 989.5  514. ]
   [1066.   514. ]
   [1016.5  514. ]
   [1066.   608. ]
   [1030.   612.5]
   [1066.   702.5]
   [1039.   693.5]]

  [[1028.   334.2]
   [1042.   325.5]
   [1024.   325.5]
   [1063.   330. ]
   [1020.   330. ]
   [1085.   386.5]
   [1015.5  382.2]
   [1085.   456.2]
   [1002.5  451.8]
   [1042.   412.8]
   [ 989.5  513. ]
   [1063.   517. ]
   [1015.5  513. ]
   [1063.   608.5]
   [1028.   613. ]
   [1063.   704.5]
   [1037.   696. ]]

  [[1028.   335. ]
   [1042.   326.2]
   [1024.   326.2]
   [1064.   330.8]
   [1019.5  330.8]
   [1081.   387.8]
   [1015.   383.2]
   [1081.   453.8]
   [1002.   449.2]
   [1042.   405.2]
   [ 989.   510.8]
   [1064.   515. ]
   [1015.   515. ]
   [1064.   612. ]
   [1028.   612. ]
   [1064.   704. ]
   [1037.   695.5]]

  [[1029.   335.8]
   [1043.   326.8]
   [1025.   326.8]
   [1065.   331.2]
   [1020.5  331.2]
   [1083.   384.8]
   [1016.   384.8]
   [1074.   456. ]
   [1002.5  451.5]
   [1043.   398. ]
   [ 989.   514. ]
   [1065.   514. ]
   [1016.   514. ]
   [1065.   611.5]
   [1029.   611.5]
   [1065.   705.5]
   [1038.   696.5]]

  [[1028.   335.8]
   [1042.   327. ]
   [1024.   327. ]
   [1064.   331.5]
   [1019.5  331.5]
   [1082.   385. ]
   [1015.   380.5]
   [1073.   452.2]
   [1006.   447.8]
   [1042.   394. ]
   [ 992.5  510.2]
   [1064.   515. ]
   [1015.   515. ]
   [1064.   608.5]
   [1028.   613. ]
   [1064.   702.5]
   [1037.   693.5]]

  [[1028.   334.5]
   [1042.   325.5]
   [1024.   325.5]
   [1064.   330. ]
   [1019.5  330. ]
   [1082.   384. ]
   [1015.   384. ]
   [1069.   451.2]
   [1006.   446.8]
   [1046.   393. ]
   [ 992.5  509.8]
   [1064.   514. ]
   [1015.   514. ]
   [1064.   608.5]
   [1028.   613. ]
   [1064.   703. ]
   [1037.   694. ]]

  [[1029.   337. ]
   [1038.   328. ]
   [1025.   328. ]
   [1065.   332.5]
   [1020.5  332.5]
   [1083.   382. ]
   [1016.   382. ]
   [1070.   449.2]
   [1007.   444.8]
   [1043.   391. ]
   [ 993.5  512. ]
   [1065.   512. ]
   [1016.   512. ]
   [1065.   611. ]
   [1029.   611. ]
   [1065.   705.5]
   [1038.   696.5]]

  [[1029.   334.5]
   [1038.   325.5]
   [1025.   325.5]
   [1065.   330. ]
   [1020.5  330. ]
   [1083.   384. ]
   [1016.   379.5]
   [1065.   446.8]
   [1007.   446.8]
   [1043.   388.5]
   [ 993.5  509.8]
   [1065.   514. ]
   [1016.   514. ]
   [1065.   608.5]
   [1029.   613. ]
   [1065.   703. ]
   [1038.   694. ]]

  [[1030.   337.8]
   [1039.   324.5]
   [1026.   329. ]
   [1066.   333.5]
   [1017.   329. ]
   [1084.   382.2]
   [1017.   382.2]
   [1066.   444.2]
   [1008.   448.8]
   [1044.   386.8]
   [ 995.   510.8]
   [1066.   515. ]
   [1017.   510.8]
   [1066.   608.5]
   [1030.   613. ]
   [1066.   701.5]
   [1039.   697. ]]

  [[1031.   335.2]
   [1040.   326.5]
   [1022.5  326.5]
   [1062.   330.8]
   [1018.   330.8]
   [1080.   383.8]
   [1013.5  383.8]
   [1067.   445.5]
   [1009.5  450. ]
   [1045.   388.2]
   [ 996.   511.8]
   [1067.   511.8]
   [1018.   511.8]
   [1067.   609. ]
   [1031.   613.5]
   [1062.   701.5]
   [1040.   697. ]]

  [[1030.   337.8]
   [1039.   324.5]
   [1021.5  329. ]
   [1061.   333.5]
   [1017.   329. ]
   [1084.   382.2]
   [1017.   382.2]
   [1066.   444.2]
   [1008.   448.8]
   [1044.   386.8]
   [ 995.   510.8]
   [1066.   515. ]
   [1017.   515. ]
   [1066.   608.5]
   [1030.   613. ]
   [1066.   701.5]
   [1039.   697. ]]

  [[1030.   337.8]
   [1039.   329. ]
   [1021.5  329. ]
   [1066.   333.5]
   [1017.   329. ]
   [1084.   382.2]
   [1017.   382.2]
   [1066.   444.2]
   [1008.   448.8]
   [1044.   386.8]
   [ 995.   510.8]
   [1066.   515. ]
   [1017.   515. ]
   [1066.   608.5]
   [1030.   613. ]
   [1066.   701.5]
   [1039.   697. ]]

  [[1028.   337.8]
   [1041.   324.5]
   [1023.5  328.8]
   [1063.   328.8]
   [1019.   328.8]
   [1081.   381.8]
   [1014.5  386.2]
   [1063.   443.5]
   [1010.5  448. ]
   [1046.   386.2]
   [ 997.   509.8]
   [1068.   514. ]
   [1019.   514. ]
   [1063.   611.5]
   [1028.   611.5]
   [1063.   704. ]
   [1041.   695. ]]

  [[1030.   337.8]
   [1039.   329. ]
   [1021.5  329. ]
   [1061.   333.5]
   [1017.   329. ]
   [1084.   382.2]
   [1017.   382.2]
   [1066.   444.2]
   [1012.5  448.8]
   [1044.   382.2]
   [ 995.   510.8]
   [1066.   515. ]
   [1021.5  515. ]
   [1066.   608.5]
   [1030.   613. ]
   [1066.   701.5]
   [1039.   697. ]]

  [[1026.   337.8]
   [1039.   329. ]
   [1021.5  329. ]
   [1061.   333.5]
   [1017.   329. ]
   [1084.   382.2]
   [1017.   382.2]
   [1066.   444.2]
   [1012.5  448.8]
   [1044.   386.8]
   [ 995.   510.8]
   [1066.   515. ]
   [1021.5  515. ]
   [1066.   608.5]
   [1030.   613. ]
   [1066.   706. ]
   [1039.   697. ]]

  [[1027.   336. ]
   [1040.   327.2]
   [1022.5  327.2]
   [1062.   331.8]
   [1018.   331.8]
   [1080.   380.8]
   [1018.   385. ]
   [1062.   443. ]
   [1009.   447.5]
   [1045.   385. ]
   [ 995.5  514. ]
   [1067.   514. ]
   [1018.   514. ]
   [1067.   607.5]
   [1031.   612. ]
   [1062.   705.5]
   [1040.   697. ]]

  [[1026.   337.8]
   [1039.   329. ]
   [1021.5  329. ]
   [1061.   333.5]
   [1017.   329. ]
   [1084.   382.2]
   [1017.   382.2]
   [1066.   444.2]
   [1012.5  448.8]
   [1044.   386.8]
   [ 995.   510.8]
   [1066.   515. ]
   [1017.   515. ]
   [1066.   613. ]
   [1030.   613. ]
   [1066.   706. ]
   [1039.   697. ]]

  [[1026.   337.8]
   [1039.   328.8]
   [1021.5  328.8]
   [1061.   333.2]
   [1017.   328.8]
   [1083.   381.8]
   [1017.   381.8]
   [1066.   443.5]
   [1012.5  448. ]
   [1044.   381.8]
   [ 995.   514. ]
   [1066.   514. ]
   [1017.   514. ]
   [1066.   611.5]
   [1030.   611.5]
   [1066.   704. ]
   [1039.   695. ]]

  [[1027.   337.8]
   [1036.   329. ]
   [1022.5  329. ]
   [1062.   333.5]
   [1018.   329. ]
   [1080.   382.2]
   [1018.   382.2]
   [1067.   444.2]
   [1009.   448.8]
   [1045.   386.8]
   [ 996.   510.8]
   [1067.   515. ]
   [1018.   510.8]
   [1067.   608.5]
   [1031.   613. ]
   [1062.   701.5]
   [1040.   697. ]]

  [[1027.   337.8]
   [1036.   329. ]
   [1022.5  329. ]
   [1062.   333.5]
   [1018.   329. ]
   [1080.   382.2]
   [1018.   382.2]
   [1067.   439.8]
   [1009.   448.8]
   [1045.   386.8]
   [ 996.   510.8]
   [1067.   515. ]
   [1018.   510.8]
   [1067.   608.5]
   [1031.   613. ]
   [1062.   701.5]
   [1040.   697. ]]

  [[1027.   337.8]
   [1036.   329. ]
   [1022.5  329. ]
   [1062.   333.5]
   [1018.   329. ]
   [1080.   382.2]
   [1018.   382.2]
   [1067.   444.2]
   [1009.   448.8]
   [1045.   386.8]
   [ 996.   510.8]
   [1067.   515. ]
   [1018.   510.8]
   [1067.   608.5]
   [1031.   613. ]
   [1062.   701.5]
   [1040.   697. ]]

  [[1027.   337.8]
   [1036.   329. ]
   [1022.5  329. ]
   [1062.   333.5]
   [1018.   329. ]
   [1080.   382.2]
   [1018.   382.2]
   [1067.   439.8]
   [1009.   448.8]
   [1045.   386.8]
   [ 996.   510.8]
   [1067.   515. ]
   [1018.   510.8]
   [1067.   608.5]
   [1031.   613. ]
   [1062.   701.5]
   [1040.   697. ]]

  [[1027.   337.8]
   [1036.   329. ]
   [1022.5  329. ]
   [1062.   333.5]
   [1018.   329. ]
   [1080.   382.2]
   [1018.   382.2]
   [1067.   439.8]
   [1009.   448.8]
   [1045.   382.2]
   [ 996.   510.8]
   [1067.   515. ]
   [1018.   510.8]
   [1067.   608.5]
   [1031.   613. ]
   [1062.   701.5]
   [1040.   697. ]]

  [[1027.   337.8]
   [1036.   329. ]
   [1022.5  329. ]
   [1062.   333.5]
   [1018.   329. ]
   [1080.   382.2]
   [1018.   382.2]
   [1062.   439.8]
   [1009.   448.8]
   [1045.   382.2]
   [ 996.   510.8]
   [1067.   515. ]
   [1018.   510.8]
   [1067.   613. ]
   [1031.   613. ]
   [1062.   701.5]
   [1040.   697. ]]

  [[1027.   337.8]
   [1036.   329. ]
   [1022.5  329. ]
   [1062.   333.5]
   [1018.   329. ]
   [1080.   382.2]
   [1018.   382.2]
   [1062.   439.8]
   [1009.   448.8]
   [1045.   382.2]
   [ 996.   510.8]
   [1067.   515. ]
   [1018.   510.8]
   [1067.   608.5]
   [1031.   613. ]
   [1062.   701.5]
   [1040.   697. ]]

  [[1026.   337.8]
   [1039.   328.8]
   [1021.5  328.8]
   [1066.   333.2]
   [1017.   333.2]
   [1083.   381.8]
   [1017.   386.2]
   [1066.   439.2]
   [1008.5  448. ]
   [1044.   381.8]
   [ 995.   514. ]
   [1066.   514. ]
   [1017.   514. ]
   [1066.   611.5]
   [1030.   611.5]
   [1066.   704. ]
   [1039.   695. ]]

  [[1030.   335.2]
   [1039.   326.5]
   [1021.5  326.5]
   [1066.   330.8]
   [1017.   330.8]
   [1079.   379.2]
   [1017.   383.8]
   [1061.   436.8]
   [1008.5  450. ]
   [1044.   379.2]
   [ 995.   511.8]
   [1066.   516. ]
   [1017.   516. ]
   [1066.   609. ]
   [1030.   613.5]
   [1066.   706. ]
   [1039.   697. ]]

  [[1030.   333.2]
   [1039.   328.8]
   [1021.5  328.8]
   [1066.   328.8]
   [1021.5  328.8]
   [1083.   381.8]
   [1017.   381.8]
   [1061.   434.8]
   [1008.5  448. ]
   [1044.   377.2]
   [ 995.   514. ]
   [1066.   514. ]
   [1017.   514. ]
   [1066.   611.5]
   [1030.   611.5]
   [1066.   704. ]
   [1039.   695. ]]

  [[1030.   333.5]
   [1039.   324.5]
   [1026.   329. ]
   [1066.   329. ]
   [1017.   329. ]
   [1079.   382.2]
   [1017.   382.2]
   [1061.   435.5]
   [1008.   448.8]
   [1044.   377.8]
   [ 995.   510.8]
   [1066.   515. ]
   [1017.   515. ]
   [1066.   608.5]
   [1030.   613. ]
   [1066.   701.5]
   [1039.   697. ]]

  [[1029.   335. ]
   [1038.   326.2]
   [1025.   326.2]
   [1065.   330.8]
   [1020.5  330.8]
   [1082.   379. ]
   [1016.   383.2]
   [1060.   431.8]
   [1007.5  449.2]
   [1043.   374.5]
   [ 994.5  515. ]
   [1065.   515. ]
   [1020.5  515. ]
   [1065.   612. ]
   [1029.   612. ]
   [1065.   704. ]
   [1038.   695.5]]

  [[1029.   334.5]
   [1043.   325.8]
   [1025.   325.8]
   [1064.   330. ]
   [1020.5  330. ]
   [1082.   378.2]
   [1016.5  382.5]
   [1060.   430.8]
   [1007.5  448.2]
   [1043.   373.8]
   [ 994.5  514. ]
   [1064.   514. ]
   [1016.5  514. ]
   [1064.   610. ]
   [1029.   610. ]
   [1064.   702. ]
   [1038.   693. ]]

  [[1030.   332.8]
   [1039.   323.8]
   [1026.   323.8]
   [1066.   328.2]
   [1021.5  328.2]
   [1079.   381. ]
   [1017.   381. ]
   [1061.   429.2]
   [1008.5  447. ]
   [1044.   372.2]
   [ 995.5  513. ]
   [1066.   513. ]
   [1017.   513. ]
   [1066.   609.5]
   [1030.   609.5]
   [1066.   702. ]
   [1039.   693. ]]

  [[1030.   328.2]
   [1044.   323.8]
   [1026.   323.8]
   [1066.   328.2]
   [1021.5  328.2]
   [1079.   381. ]
   [1017.   381. ]
   [1057.   425. ]
   [1008.5  447. ]
   [1044.   372.2]
   [ 995.5  513. ]
   [1066.   513. ]
   [1017.   513. ]
   [1066.   609.5]
   [1030.   609.5]
   [1066.   702. ]
   [1039.   697.5]]

  [[1030.   328.8]
   [1044.   320. ]
   [1026.   320. ]
   [1066.   328.8]
   [1021.5  324.5]
   [1079.   381.8]
   [1017.   381.8]
   [1057.   426. ]
   [1008.5  448. ]
   [1044.   373. ]
   [ 995.   514. ]
   [1066.   514. ]
   [1017.   514. ]
   [1066.   611.5]
   [1030.   611.5]
   [1066.   704. ]
   [1039.   695. ]]

  [[1033.   326.5]
   [1042.   322. ]
   [1028.   322. ]
   [1068.   330.8]
   [1024.   326.5]
   [1081.   379.2]
   [1019.5  379.2]
   [1055.   423.5]
   [1010.5  445.5]
   [1042.   366.2]
   [ 993.   511.8]
   [1064.   516. ]
   [1019.5  511.8]
   [1064.   609. ]
   [1028.   613.5]
   [1064.   701.5]
   [1037.   697. ]]

  [[1033.   328.8]
   [1046.   320. ]
   [1028.   320. ]
   [1068.   328.8]
   [1024.   324.5]
   [1081.   377.2]
   [1019.5  381.8]
   [1055.   421.5]
   [1006.5  448. ]
   [1042.   364.2]
   [ 993.   514. ]
   [1064.   514. ]
   [1019.5  514. ]
   [1064.   611.5]
   [1028.   611.5]
   [1064.   704. ]
   [1037.   695. ]]

  [[1033.   328.8]
   [1046.   320. ]
   [1028.   320. ]
   [1068.   328.8]
   [1024.   324.5]
   [1081.   377.2]
   [1015.   381.8]
   [1055.   417. ]
   [1006.5  448. ]
   [1042.   364.2]
   [ 993.   514. ]
   [1064.   514. ]
   [1019.5  514. ]
   [1064.   611.5]
   [1028.   611.5]
   [1064.   704. ]
   [1037.   695. ]]

  [[1034.   324.5]
   [1043.   320.2]
   [1029.   320.2]
   [1069.   329. ]
   [1025.   324.5]
   [1078.   377.8]
   [1016.   377.8]
   [1056.   417.8]
   [1007.   448.8]
   [1043.   360. ]
   [ 994.   510.8]
   [1065.   515. ]
   [1016.   510.8]
   [1065.   608.5]
   [1029.   608.5]
   [1065.   706. ]
   [1038.   697. ]]

  [[1033.   324.5]
   [1046.   320.2]
   [1028.   320.2]
   [1068.   329. ]
   [1024.   324.5]
   [1077.   377.8]
   [1019.5  377.8]
   [1055.   417.8]
   [1006.   448.8]
   [1042.   355.5]
   [ 993.   510.8]
   [1064.   515. ]
   [1019.5  515. ]
   [1064.   608.5]
   [1028.   613. ]
   [1064.   706. ]
   [1037.   697. ]]

  [[1033.   326.5]
   [1046.   317.5]
   [1028.   317.5]
   [1068.   330.8]
   [1024.   326.5]
   [1077.   379.2]
   [1019.5  379.2]
   [1055.   414.8]
   [1006.5  445.5]
   [1042.   357.2]
   [ 993.   511.8]
   [1064.   516. ]
   [1019.5  516. ]
   [1064.   613.5]
   [1028.   613.5]
   [1064.   706. ]
   [1037.   697. ]]

  [[1037.   324.5]
   [1046.   320. ]
   [1028.   320. ]
   [1068.   328.8]
   [1024.   324.5]
   [1077.   377.2]
   [1015.   381.8]
   [1050.   412.8]
   [1006.5  448. ]
   [1042.   355.2]
   [ 993.   509.8]
   [1064.   514. ]
   [1015.   514. ]
   [1064.   611.5]
   [1028.   611.5]
   [1064.   704. ]
   [1037.   695. ]]

  [[1033.   326.2]
   [1046.   317.5]
   [1028.   317.5]
   [1068.   330.8]
   [1024.   326.2]
   [1081.   379. ]
   [1015.   379. ]
   [1050.   414. ]
   [1006.5  449.2]
   [1042.   352.5]
   [ 993.5  510.8]
   [1064.   515. ]
   [1015.   515. ]
   [1064.   612. ]
   [1028.   612. ]
   [1064.   704. ]
   [1037.   695.5]]

  [[1037.   326.2]
   [1046.   317.5]
   [1033.   317.5]
   [1068.   330.8]
   [1028.   326.2]
   [1081.   379. ]
   [1015.   379. ]
   [1050.   409.8]
   [1006.5  449.2]
   [1042.   352.5]
   [ 993.5  510.8]
   [1064.   515. ]
   [1019.5  510.8]
   [1064.   612. ]
   [1028.   612. ]
   [1064.   704. ]
   [1037.   695.5]]

  [[1037.   326.5]
   [1046.   317.5]
   [1033.   317.5]
   [1068.   330.8]
   [1028.   326.5]
   [1081.   379.2]
   [1019.5  379.2]
   [1050.   410.2]
   [1006.5  445.5]
   [1042.   353. ]
   [ 993.   511.8]
   [1064.   516. ]
   [1019.5  516. ]
   [1064.   609. ]
   [1028.   613.5]
   [1064.   706. ]
   [1037.   697. ]]

  [[1037.   326.5]
   [1046.   317.5]
   [1033.   317.5]
   [1068.   330.8]
   [1028.   326.5]
   [1081.   379.2]
   [1019.5  379.2]
   [1050.   410.2]
   [1006.5  445.5]
   [1042.   353. ]
   [ 993.   511.8]
   [1064.   516. ]
   [1019.5  511.8]
   [1064.   609. ]
   [1028.   613.5]
   [1064.   706. ]
   [1037.   697. ]]

  [[1037.   324.5]
   [1046.   320. ]
   [1033.   315.5]
   [1068.   328.8]
   [1024.   324.5]
   [1077.   377.2]
   [1019.5  381.8]
   [1050.   408.2]
   [1006.5  448. ]
   [1042.   351. ]
   [ 993.   509.8]
   [1064.   514. ]
   [1019.5  514. ]
   [1064.   611.5]
   [1028.   611.5]
   [1064.   704. ]
   [1037.   695. ]]

  [[1037.   322. ]
   [1046.   317.5]
   [1033.   317.5]
   [1068.   330.8]
   [1024.   322. ]
   [1081.   379.2]
   [1015.   379.2]
   [1050.   405.8]
   [1006.5  445.5]
   [1042.   353. ]
   [ 993.   511.8]
   [1064.   516. ]
   [1015.   516. ]
   [1064.   613.5]
   [1028.   613.5]
   [1064.   706. ]
   [1037.   697. ]]

  [[1037.   324.5]
   [1046.   320. ]
   [1033.   315.5]
   [1068.   328.8]
   [1028.   324.5]
   [1077.   377.2]
   [1015.   381.8]
   [1050.   408.2]
   [1006.5  448. ]
   [1042.   351. ]
   [ 993.   509.8]
   [1064.   514. ]
   [1015.   514. ]
   [1064.   611.5]
   [1028.   611.5]
   [1064.   704. ]
   [1037.   695. ]]

  [[1037.   324.2]
   [1046.   319.8]
   [1033.   315.5]
   [1068.   328.8]
   [1028.   324.2]
   [1077.   377. ]
   [1015.   381.2]
   [1050.   407.8]
   [1006.5  447.2]
   [1042.   350.5]
   [ 993.5  513. ]
   [1064.   513. ]
   [1015.   513. ]
   [1064.   610. ]
   [1028.   610. ]
   [1064.   702. ]
   [1037.   693.5]]

  [[1037.   321.8]
   [1046.   317.5]
   [1033.   313. ]
   [1068.   330.8]
   [1028.   321.8]
   [1081.   379. ]
   [1015.   379. ]
   [1050.   405.2]
   [1006.5  449.2]
   [1042.   348.2]
   [ 993.5  510.8]
   [1064.   515. ]
   [1015.   515. ]
   [1064.   612. ]
   [1028.   612. ]
   [1064.   704. ]
   [1037.   695.5]]

  [[1035.   324. ]
   [1048.   315.2]
   [1030.   315.2]
   [1070.   328.5]
   [1026.   324. ]
   [1079.   377. ]
   [1017.   381.2]
   [1048.   407.8]
   [1008.5  447.5]
   [1044.   350.5]
   [ 995.   514. ]
   [1066.   514. ]
   [1017.   514. ]
   [1066.   611. ]
   [1030.   611. ]
   [1066.   703.5]
   [1039.   695. ]]

  [[1035.   324. ]
   [1048.   315.2]
   [1030.   315.2]
   [1070.   328.5]
   [1026.   324. ]
   [1079.   377. ]
   [1017.   381.2]
   [1048.   407.8]
   [1008.5  447.5]
   [1044.   350.5]
   [ 995.   514. ]
   [1066.   514. ]
   [1017.   514. ]
   [1066.   611. ]
   [1030.   611. ]
   [1066.   703.5]
   [1039.   695. ]]

  [[1037.   323.8]
   [1046.   315. ]
   [1033.   315. ]
   [1072.   328. ]
   [1028.   323.8]
   [1081.   380.5]
   [1015.5  380.5]
   [1050.   406.8]
   [1006.5  446.2]
   [1042.   350. ]
   [ 993.5  511.8]
   [1063.   516. ]
   [1015.5  516. ]
   [1063.   608. ]
   [1028.   612.5]
   [1063.   704.5]
   [1037.   695.5]]

  [[1039.   324.2]
   [1048.   315.2]
   [1035.   315.2]
   [1070.   328.5]
   [1026.   324.2]
   [1079.   377.2]
   [1017.   381.8]
   [1048.   404. ]
   [1008.   448.2]
   [1044.   350.8]
   [ 995.   510.2]
   [1066.   515. ]
   [1017.   515. ]
   [1066.   612.5]
   [1030.   612.5]
   [1066.   705.5]
   [1039.   696.5]]

  [[1039.   322.2]
   [1048.   317.8]
   [1035.   313.2]
   [1070.   331. ]
   [1026.   322.2]
   [1079.   379.8]
   [1017.   379.8]
   [1048.   406.5]
   [1008.   446.2]
   [1044.   348.8]
   [ 995.   513. ]
   [1066.   517. ]
   [1017.   513. ]
   [1066.   610.5]
   [1030.   615. ]
   [1066.   703.5]
   [1039.   694.5]]

  [[1035.   322. ]
   [1048.   317.5]
   [1035.   313.2]
   [1071.   330.8]
   [1026.   322. ]
   [1079.   379.2]
   [1017.5  379.2]
   [1048.   405.8]
   [1008.5  445.5]
   [1044.   348.5]
   [ 991.   511.8]
   [1066.   516. ]
   [1017.5  516. ]
   [1066.   613.5]
   [1031.   613.5]
   [1066.   706. ]
   [1040.   697. ]]

  [[1036.   322. ]
   [1049.   317.5]
   [1032.   313.2]
   [1072.   330.8]
   [1027.   322. ]
   [1080.   379.2]
   [1018.5  379.2]
   [1049.   405.8]
   [1005.5  445.5]
   [1045.   348.5]
   [ 992.   511.8]
   [1063.   516. ]
   [1018.5  516. ]
   [1067.   613.5]
   [1032.   613.5]
   [1067.   706. ]
   [1036.   697. ]]

  [[1036.   324.5]
   [1049.   315.5]
   [1036.   315.5]
   [1072.   328.8]
   [1027.   324.5]
   [1080.   377.2]
   [1018.5  377.2]
   [1049.   403.8]
   [1005.5  448. ]
   [1045.   351. ]
   [ 992.   509.8]
   [1063.   514. ]
   [1018.5  514. ]
   [1067.   611.5]
   [1027.   611.5]
   [1067.   704. ]
   [1036.   695. ]]

  [[1036.   324.5]
   [1049.   315.5]
   [1036.   315.5]
   [1072.   328.8]
   [1027.   324.5]
   [1080.   377.2]
   [1018.5  377.2]
   [1049.   403.8]
   [1005.5  448. ]
   [1045.   351. ]
   [ 992.   509.8]
   [1063.   514. ]
   [1018.5  514. ]
   [1067.   611.5]
   [1027.   611.5]
   [1067.   704. ]
   [1036.   695. ]]

  [[1036.   324.5]
   [1049.   315.5]
   [1036.   315.5]
   [1072.   328.8]
   [1027.   324.5]
   [1080.   377.2]
   [1018.5  377.2]
   [1049.   403.8]
   [1005.5  448. ]
   [1045.   351. ]
   [ 992.   509.8]
   [1063.   514. ]
   [1018.5  514. ]
   [1067.   611.5]
   [1027.   611.5]
   [1067.   704. ]
   [1036.   695. ]]

  [[1036.   324.5]
   [1049.   315.5]
   [1036.   315.5]
   [1072.   328.8]
   [1027.   324.5]
   [1080.   377.2]
   [1018.5  377.2]
   [1049.   403.8]
   [1005.5  448. ]
   [1045.   351. ]
   [ 992.   509.8]
   [1063.   514. ]
   [1018.5  514. ]
   [1067.   611.5]
   [1027.   611.5]
   [1067.   704. ]
   [1036.   695. ]]

  [[1036.   324.5]
   [1049.   315.5]
   [1036.   315.5]
   [1072.   328.8]
   [1027.   324.5]
   [1080.   377.2]
   [1018.5  377.2]
   [1049.   403.8]
   [1009.5  448. ]
   [1045.   351. ]
   [ 992.   509.8]
   [1063.   514. ]
   [1018.5  514. ]
   [1067.   611.5]
   [1027.   611.5]
   [1067.   704. ]
   [1036.   695. ]]

  [[1039.   324.2]
   [1048.   315.2]
   [1035.   315.2]
   [1070.   328.5]
   [1026.   324.2]
   [1079.   377.2]
   [1017.   381.8]
   [1048.   404. ]
   [1008.   448.2]
   [1044.   350.8]
   [ 995.   510.2]
   [1066.   515. ]
   [1017.   515. ]
   [1066.   612.5]
   [1030.   612.5]
   [1066.   705.5]
   [1039.   696.5]]

  [[1037.   324.5]
   [1051.   315.8]
   [1033.   315.8]
   [1073.   329. ]
   [1028.   324.5]
   [1082.   377.8]
   [1019.5  377.8]
   [1046.   404.5]
   [1006.   444.2]
   [1042.   351.2]
   [ 993.   510.8]
   [1064.   515. ]
   [1019.5  515. ]
   [1064.   613. ]
   [1028.   613. ]
   [1064.   706. ]
   [1037.   697. ]]

  [[1037.   324.5]
   [1050.   315.5]
   [1033.   315.5]
   [1073.   328.8]
   [1028.   324.5]
   [1081.   377.2]
   [1019.5  377.2]
   [1046.   403.8]
   [1006.5  448. ]
   [1042.   351. ]
   [ 993.   509.8]
   [1064.   514. ]
   [1015.   514. ]
   [1064.   611.5]
   [1028.   611.5]
   [1064.   704. ]
   [1037.   695. ]]

  [[1039.   324. ]
   [1048.   315.2]
   [1035.   315.2]
   [1070.   328.5]
   [1030.   324. ]
   [1079.   377. ]
   [1017.   381.2]
   [1048.   403.5]
   [1008.5  447.5]
   [1044.   350.5]
   [ 995.   514. ]
   [1066.   518. ]
   [1017.   514. ]
   [1066.   611. ]
   [1030.   615.5]
   [1066.   703.5]
   [1039.   695. ]]

  [[1039.   324. ]
   [1048.   315.2]
   [1035.   315.2]
   [1070.   328.5]
   [1030.   324. ]
   [1079.   377. ]
   [1017.   381.2]
   [1048.   403.5]
   [1008.5  447.5]
   [1044.   350.5]
   [ 995.   514. ]
   [1066.   514. ]
   [1017.   514. ]
   [1066.   611. ]
   [1030.   611. ]
   [1066.   703.5]
   [1039.   695. ]]

  [[1039.   324. ]
   [1048.   315.2]
   [1035.   315.2]
   [1070.   328.5]
   [1030.   324. ]
   [1079.   377. ]
   [1017.   381.2]
   [1048.   407.8]
   [1008.5  447.5]
   [1044.   350.5]
   [ 995.   514. ]
   [1066.   514. ]
   [1017.   514. ]
   [1066.   611. ]
   [1030.   611. ]
   [1066.   703.5]
   [1039.   695. ]]

  [[1038.   324. ]
   [1047.   315.2]
   [1034.   315.2]
   [1069.   328.5]
   [1029.   324. ]
   [1082.   377. ]
   [1016.   381.2]
   [1047.   407.8]
   [1007.5  447.5]
   [1043.   350.5]
   [ 994.   514. ]
   [1065.   514. ]
   [1016.   514. ]
   [1065.   611. ]
   [1029.   611. ]
   [1065.   703.5]
   [1038.   695. ]]

  [[1037.   321.8]
   [1050.   317.5]
   [1033.   313. ]
   [1072.   330.8]
   [1028.   321.8]
   [1081.   379. ]
   [1019.5  379. ]
   [1046.   405.2]
   [1006.5  449.2]
   [1046.   352.5]
   [ 993.5  510.8]
   [1064.   515. ]
   [1015.   515. ]
   [1064.   612. ]
   [1028.   612. ]
   [1064.   704. ]
   [1037.   695.5]]

  [[1039.   324. ]
   [1048.   315.2]
   [1035.   315.2]
   [1070.   328.5]
   [1030.   324. ]
   [1079.   377. ]
   [1017.   381.2]
   [1048.   403.5]
   [1008.5  447.5]
   [1044.   350.5]
   [ 995.   514. ]
   [1066.   514. ]
   [1017.   514. ]
   [1066.   611. ]
   [1030.   611. ]
   [1066.   703.5]
   [1039.   695. ]]

  [[1037.   322. ]
   [1050.   317.5]
   [1033.   313.2]
   [1073.   330.8]
   [1028.   322. ]
   [1081.   379.2]
   [1019.5  379.2]
   [1046.   405.8]
   [1010.5  445.5]
   [1042.   353. ]
   [ 993.   511.8]
   [1064.   516. ]
   [1019.5  511.8]
   [1064.   613.5]
   [1028.   613.5]
   [1064.   701.5]
   [1037.   697. ]]]]
KEYPOINT_SCORE
[[[0.934  0.9766  0.9736 0.948  0.8716 0.8896 0.909  0.929  0.962  0.939
   0.826  0.877  0.853  0.892  0.876  0.8857 0.892 ]
  [0.9546 0.993  0.989  0.918  0.8574 0.9146 0.9395 0.9473 0.949  0.9478
   0.8335 0.881  0.858  0.897  0.877  0.9043 0.9014]
  [0.9536 0.9937 0.988  0.9194 0.8677 0.9155 0.939  0.946  0.947  0.9507
   0.835  0.879  0.8574 0.8896 0.8867 0.907  0.903 ]
  [0.9214 0.975  0.977  0.95   0.874  0.893  0.9077 0.9307 0.962  0.9507
   0.839  0.882  0.8477 0.8955 0.8877 0.899  0.896 ]
  [0.913  0.9736 0.9746 0.9487 0.8696 0.897  0.91   0.942  0.96   0.955
   0.834  0.88   0.8545 0.8804 0.909  0.8716 0.893 ]
  [0.9204 0.978  0.977  0.9507 0.8677 0.8936 0.909  0.9307 0.958  0.9526
   0.8267 0.8813 0.8438 0.892  0.8906 0.8936 0.8916]
  [0.911  0.974  0.9746 0.949  0.8687 0.8965 0.91   0.94   0.9595 0.9556
   0.822  0.88   0.8535 0.8784 0.9097 0.8755 0.8906]
  [0.923  0.9805 0.978  0.9536 0.863  0.8945 0.909  0.9326 0.955  0.9546
   0.825  0.883  0.844  0.895  0.883  0.896  0.892 ]
  [0.921  0.9775 0.9746 0.953  0.865  0.8994 0.909  0.938  0.9614 0.956
   0.836  0.879  0.849  0.88   0.9077 0.873  0.8906]
  [0.942  0.9863 0.9775 0.939  0.8716 0.8896 0.9224 0.9385 0.9585 0.9526
   0.8345 0.8804 0.849  0.883  0.884  0.8916 0.888 ]
  [0.9355 0.9854 0.976  0.9365 0.87   0.889  0.922  0.9355 0.954  0.95
   0.835  0.878  0.8457 0.8794 0.8853 0.8857 0.8823]
  [0.9126 0.971  0.977  0.953  0.857  0.8984 0.91   0.9287 0.9624 0.956
   0.8164 0.881  0.8467 0.8896 0.885  0.889  0.8906]
  [0.9478 0.9893 0.977  0.9287 0.841  0.8887 0.926  0.937  0.946  0.9395
   0.829  0.87   0.8477 0.8774 0.868  0.9097 0.9023]
  [0.965  0.9956 0.982  0.9097 0.829  0.897  0.952  0.953  0.9336 0.9385
   0.8647 0.873  0.864  0.883  0.8647 0.918  0.917 ]
  [0.9194 0.967  0.977  0.957  0.842  0.896  0.9043 0.9272 0.9604 0.9487
   0.813  0.878  0.846  0.894  0.8794 0.891  0.889 ]
  [0.9336 0.9814 0.988  0.941  0.8438 0.9194 0.9424 0.911  0.9585 0.953
   0.8267 0.8765 0.8374 0.9106 0.9014 0.8794 0.8823]
  [0.9434 0.9897 0.981  0.9316 0.8257 0.8867 0.925  0.933  0.956  0.9316
   0.816  0.8765 0.8506 0.8726 0.874  0.9165 0.8965]
  [0.9336 0.981  0.9863 0.939  0.851  0.921  0.94   0.9146 0.9556 0.9507
   0.8193 0.8813 0.8423 0.916  0.898  0.881  0.8877]
  [0.9766 0.9907 0.971  0.9194 0.8154 0.899  0.9546 0.9473 0.958  0.9507
   0.8394 0.8584 0.857  0.8735 0.878  0.936  0.932 ]
  [0.9766 0.992  0.97   0.927  0.814  0.8984 0.9546 0.948  0.9614 0.9463
   0.8384 0.8555 0.855  0.8735 0.8813 0.9375 0.9336]
  [0.9688 0.9966 0.979  0.914  0.821  0.89   0.956  0.95   0.927  0.9395
   0.848  0.8677 0.8613 0.873  0.877  0.9287 0.9224]
  [0.964  0.982  0.9463 0.944  0.822  0.9067 0.957  0.932  0.9575 0.9326
   0.8857 0.861  0.8564 0.889  0.8936 0.936  0.936 ]
  [0.956  0.9795 0.954  0.9307 0.8237 0.895  0.956  0.9365 0.9414 0.927
   0.8877 0.8687 0.8555 0.8804 0.874  0.93   0.931 ]
  [0.962  0.983  0.9404 0.949  0.8154 0.905  0.9536 0.932  0.921  0.9316
   0.8755 0.8535 0.836  0.89   0.893  0.939  0.9355]
  [0.9595 0.9766 0.9487 0.9307 0.8184 0.8945 0.958  0.9346 0.9233 0.9194
   0.8916 0.857  0.8315 0.8804 0.871  0.932  0.932 ]
  [0.9663 0.983  0.936  0.9517 0.807  0.9067 0.9517 0.9336 0.939  0.945
   0.893  0.849  0.8237 0.8877 0.888  0.936  0.9404]
  [0.9805 0.9795 0.9355 0.9233 0.815  0.912  0.9424 0.9414 0.9243 0.9414
   0.9453 0.8633 0.824  0.878  0.893  0.9336 0.9385]
  [0.9795 0.988  0.947  0.9473 0.8125 0.91   0.9487 0.9434 0.882  0.923
   0.8857 0.8525 0.834  0.8843 0.894  0.9365 0.9307]
  [0.968  0.9517 0.954  0.9487 0.794  0.921  0.9214 0.944  0.921  0.895
   0.8784 0.877  0.842  0.8867 0.891  0.944  0.9365]
  [0.932  0.918  0.9004 0.971  0.8545 0.9053 0.933  0.9116 0.9087 0.911
   0.8926 0.852  0.826  0.904  0.872  0.929  0.928 ]
  [0.955  0.944  0.9497 0.963  0.8555 0.9067 0.9214 0.9434 0.9175 0.8936
   0.9126 0.8613 0.821  0.893  0.894  0.911  0.912 ]
  [0.9556 0.9907 0.978  0.9243 0.8086 0.91   0.957  0.924  0.927  0.914
   0.9263 0.843  0.8516 0.89   0.853  0.913  0.9404]
  [0.891  0.951  0.959  0.962  0.8022 0.899  0.927  0.9155 0.9165 0.9224
   0.913  0.842  0.8516 0.8823 0.9053 0.875  0.9014]
  [0.9336 0.9673 0.9805 0.9404 0.81   0.8823 0.9077 0.9287 0.937  0.942
   0.9253 0.8394 0.855  0.891  0.904  0.8853 0.906 ]
  [0.9497 0.942  0.9707 0.956  0.8257 0.9023 0.9067 0.946  0.921  0.9585
   0.9116 0.851  0.8574 0.892  0.891  0.911  0.907 ]
  [0.9355 0.959  0.975  0.948  0.816  0.914  0.916  0.9443 0.913  0.961
   0.921  0.842  0.8647 0.891  0.875  0.9023 0.892 ]
  [0.9126 0.9326 0.9595 0.9727 0.8154 0.924  0.891  0.957  0.94   0.94
   0.9307 0.848  0.8706 0.8877 0.896  0.893  0.8896]
  [0.9526 0.93   0.9414 0.9736 0.8257 0.9336 0.9    0.9365 0.93   0.947
   0.9395 0.8496 0.8647 0.902  0.9067 0.895  0.9077]
  [0.9385 0.93   0.952  0.983  0.8228 0.924  0.897  0.931  0.9263 0.96
   0.919  0.853  0.873  0.903  0.902  0.903  0.902 ]
  [0.9697 0.963  0.94   0.9414 0.831  0.9194 0.887  0.9336 0.923  0.964
   0.93   0.8584 0.8716 0.904  0.9062 0.901  0.906 ]
  [0.974  0.984  0.9526 0.959  0.8467 0.9224 0.89   0.941  0.923  0.947
   0.9263 0.859  0.8726 0.908  0.903  0.901  0.924 ]
  [0.972  0.969  0.941  0.943  0.8228 0.9175 0.889  0.941  0.9307 0.955
   0.9014 0.853  0.8696 0.909  0.9097 0.9077 0.9062]
  [0.973  0.97   0.9414 0.945  0.8193 0.917  0.895  0.9443 0.932  0.9536
   0.903  0.852  0.871  0.91   0.9087 0.907  0.9106]
  [0.972  0.996  0.977  0.9297 0.809  0.915  0.888  0.934  0.9277 0.9395
   0.9175 0.856  0.8667 0.9097 0.906  0.909  0.9404]
  [0.9766 0.977  0.9463 0.942  0.813  0.9185 0.899  0.9487 0.934  0.9463
   0.8994 0.8525 0.8735 0.909  0.9097 0.899  0.9136]
  [0.978  0.982  0.956  0.9434 0.805  0.915  0.9043 0.951  0.932  0.9517
   0.9033 0.8525 0.8745 0.9077 0.9106 0.8936 0.906 ]
  [0.9673 0.9844 0.966  0.9644 0.7886 0.911  0.8896 0.9424 0.9414 0.964
   0.921  0.856  0.874  0.914  0.9097 0.898  0.931 ]
  [0.978  0.9897 0.959  0.943  0.78   0.918  0.908  0.9473 0.927  0.9517
   0.9126 0.848  0.873  0.9033 0.904  0.8916 0.9155]
  [0.978  0.9927 0.966  0.958  0.7764 0.912  0.8984 0.948  0.9443 0.9517
   0.9175 0.8403 0.867  0.911  0.9175 0.9033 0.927 ]
  [0.9736 0.9966 0.9795 0.944  0.7793 0.9204 0.9    0.9517 0.9297 0.948
   0.936  0.858  0.8765 0.9165 0.9067 0.898  0.9233]
  [0.975  0.9956 0.977  0.9385 0.783  0.9214 0.894  0.9497 0.927  0.953
   0.933  0.8535 0.872  0.914  0.9062 0.8965 0.924 ]
  [0.972  0.9966 0.977  0.941  0.7803 0.924  0.8916 0.951  0.9326 0.9546
   0.938  0.858  0.873  0.915  0.9053 0.8945 0.9253]
  [0.9717 0.9946 0.9766 0.9395 0.78   0.9214 0.891  0.948  0.928  0.947
   0.935  0.858  0.873  0.9136 0.9053 0.895  0.9263]
  [0.974  0.995  0.9775 0.9424 0.7754 0.922  0.89   0.9473 0.9277 0.9487
   0.9336 0.855  0.874  0.914  0.9053 0.893  0.921 ]
  [0.9746 0.9946 0.9736 0.9443 0.777  0.922  0.887  0.95   0.934  0.953
   0.936  0.853  0.8745 0.912  0.9    0.8936 0.9233]
  [0.974  0.9927 0.9683 0.951  0.771  0.9214 0.887  0.946  0.929  0.957
   0.9385 0.8525 0.8745 0.911  0.9023 0.8994 0.928 ]
  [0.977  0.985  0.958  0.9595 0.77   0.9165 0.8853 0.941  0.9385 0.9683
   0.926  0.843  0.8726 0.901  0.909  0.895  0.9277]
  [0.9717 0.9727 0.943  0.965  0.7954 0.9175 0.915  0.938  0.9243 0.9404
   0.9185 0.8447 0.8706 0.9023 0.9106 0.887  0.912 ]
  [0.9717 0.969  0.9375 0.9414 0.769  0.918  0.9004 0.935  0.9307 0.946
   0.9224 0.8403 0.868  0.9014 0.9116 0.8945 0.9287]
  [0.965  0.9634 0.946  0.9473 0.8    0.9214 0.916  0.9473 0.9307 0.914
   0.9204 0.847  0.871  0.903  0.91   0.893  0.9087]
  [0.919  0.916  0.945  0.956  0.773  0.921  0.9517 0.9473 0.9253 0.9023
   0.921  0.834  0.868  0.8916 0.903  0.8984 0.9146]
  [0.9526 0.936  0.966  0.969  0.7314 0.906  0.9487 0.935  0.93   0.921
   0.906  0.8315 0.867  0.8833 0.8984 0.8887 0.8877]
  [0.9536 0.938  0.9663 0.9863 0.7314 0.908  0.9487 0.918  0.907  0.891
   0.9307 0.847  0.8647 0.9062 0.904  0.9004 0.906 ]
  [0.9526 0.94   0.9707 0.977  0.7476 0.904  0.948  0.919  0.9004 0.8613
   0.9336 0.85   0.8667 0.9062 0.9043 0.899  0.911 ]
  [0.9204 0.9224 0.964  0.9634 0.758  0.9263 0.9473 0.921  0.918  0.85
   0.9375 0.8457 0.865  0.908  0.911  0.8916 0.9272]
  [0.9683 0.9883 0.99   0.9443 0.7603 0.92   0.951  0.909  0.9136 0.8467
   0.9146 0.833  0.8696 0.8833 0.8945 0.8765 0.894 ]
  [0.963  0.9736 0.977  0.95   0.7456 0.927  0.957  0.9175 0.926  0.854
   0.9185 0.8257 0.8633 0.8867 0.898  0.8926 0.906 ]
  [0.9556 0.9756 0.97   0.9604 0.722  0.9277 0.9595 0.9087 0.9272 0.8716
   0.9155 0.825  0.8633 0.8853 0.8984 0.8916 0.9077]
  [0.9575 0.9795 0.9766 0.9375 0.704  0.9243 0.955  0.93   0.905  0.8784
   0.9307 0.8477 0.8706 0.893  0.9053 0.89   0.904 ]
  [0.969  0.978  0.9653 0.963  0.747  0.9224 0.9575 0.9316 0.9155 0.8867
   0.9155 0.8394 0.871  0.8853 0.898  0.8853 0.8955]
  [0.9653 0.985  0.95   0.977  0.7197 0.916  0.949  0.932  0.9067 0.919
   0.9175 0.833  0.868  0.8853 0.8945 0.879  0.891 ]
  [0.972  0.9775 0.9507 0.9575 0.751  0.918  0.949  0.9243 0.9224 0.906
   0.917  0.8335 0.864  0.8853 0.8975 0.892  0.909 ]
  [0.9546 0.97   0.922  0.9824 0.7466 0.913  0.9463 0.9106 0.9126 0.9136
   0.9155 0.8315 0.865  0.881  0.901  0.893  0.9067]
  [0.9497 0.9624 0.9155 0.9844 0.7603 0.912  0.9414 0.915  0.905  0.9126
   0.9146 0.8325 0.8657 0.8887 0.9033 0.8813 0.9106]
  [0.9424 0.9585 0.9106 0.9854 0.76   0.9062 0.937  0.921  0.905  0.9116
   0.9087 0.8384 0.868  0.886  0.9004 0.8784 0.897 ]
  [0.9414 0.959  0.9116 0.9863 0.74   0.908  0.938  0.93   0.904  0.914
   0.9165 0.8364 0.8677 0.886  0.897  0.882  0.886 ]
  [0.96   0.9546 0.9185 0.9683 0.8096 0.919  0.947  0.918  0.9126 0.931
   0.9204 0.831  0.8643 0.8833 0.903  0.882  0.9043]
  [0.932  0.94   0.9    0.985  0.7866 0.9097 0.9385 0.9243 0.9067 0.9067
   0.921  0.8364 0.869  0.884  0.897  0.877  0.8945]
  [0.9473 0.948  0.9204 0.967  0.795  0.922  0.9443 0.9165 0.914  0.9404
   0.9194 0.83   0.862  0.883  0.8975 0.8765 0.905 ]
  [0.946  0.9404 0.936  0.964  0.788  0.9233 0.94   0.9146 0.9243 0.9355
   0.933  0.833  0.859  0.8813 0.891  0.881  0.901 ]
  [0.941  0.913  0.9136 0.9824 0.813  0.911  0.9385 0.922  0.9067 0.9194
   0.9287 0.8315 0.8647 0.882  0.9    0.8735 0.905 ]
  [0.972  0.96   0.9487 0.969  0.8    0.8916 0.9297 0.9214 0.9126 0.8965
   0.923  0.8516 0.853  0.8984 0.897  0.9165 0.9097]
  [0.9697 0.9595 0.9487 0.969  0.8003 0.891  0.929  0.9194 0.906  0.8945
   0.9204 0.855  0.8496 0.8955 0.8984 0.914  0.9106]
  [0.9624 0.9175 0.9536 0.983  0.769  0.8926 0.934  0.9077 0.9175 0.9106
   0.929  0.836  0.863  0.882  0.9004 0.873  0.8984]
  [0.9673 0.9536 0.9277 0.9688 0.767  0.894  0.932  0.9165 0.913  0.8936
   0.925  0.8535 0.846  0.893  0.882  0.917  0.917 ]
  [0.951  0.923  0.9106 0.977  0.7944 0.9033 0.9395 0.9336 0.8994 0.892
   0.935  0.854  0.851  0.9023 0.898  0.9106 0.9097]
  [0.926  0.9233 0.9546 0.9785 0.7217 0.904  0.926  0.927  0.913  0.9106
   0.9004 0.8174 0.867  0.8906 0.8755 0.897  0.894 ]
  [0.936  0.9043 0.95   0.986  0.7314 0.909  0.935  0.921  0.913  0.919
   0.9126 0.8276 0.869  0.8853 0.8716 0.8804 0.889 ]
  [0.9106 0.9307 0.9424 0.9717 0.738  0.9185 0.944  0.9233 0.9185 0.926
   0.9272 0.8228 0.862  0.8813 0.87   0.899  0.899 ]
  [0.9126 0.9365 0.9443 0.973  0.7407 0.917  0.944  0.924  0.9097 0.924
   0.924  0.822  0.864  0.8804 0.866  0.9033 0.8936]
  [0.911  0.9365 0.942  0.9697 0.75   0.9165 0.9404 0.924  0.9136 0.927
   0.9263 0.822  0.8613 0.879  0.8677 0.901  0.9   ]
  [0.9126 0.9385 0.9453 0.973  0.7407 0.9175 0.9395 0.923  0.9116 0.9233
   0.924  0.8247 0.861  0.881  0.8696 0.899  0.9004]
  [0.91   0.9404 0.9443 0.97   0.7393 0.917  0.9404 0.9243 0.9062 0.926
   0.9165 0.823  0.8633 0.878  0.8584 0.904  0.896 ]
  [0.9624 0.951  0.9385 0.9746 0.7964 0.9    0.933  0.938  0.9185 0.905
   0.9233 0.8564 0.848  0.8984 0.891  0.9224 0.911 ]
  [0.9106 0.9277 0.939  0.9727 0.783  0.9175 0.9473 0.9233 0.9033 0.92
   0.9253 0.84   0.864  0.878  0.8887 0.8794 0.899 ]
  [0.907  0.926  0.934  0.9653 0.7856 0.918  0.9424 0.9214 0.909  0.914
   0.9253 0.8364 0.862  0.875  0.8867 0.888  0.9097]
  [0.959  0.9404 0.9375 0.975  0.7695 0.8984 0.9385 0.922  0.9077 0.902
   0.9233 0.8467 0.851  0.894  0.893  0.914  0.9116]
  [0.9595 0.9443 0.9395 0.975  0.769  0.8975 0.938  0.926  0.905  0.9004
   0.925  0.852  0.851  0.8994 0.899  0.913  0.9116]
  [0.9624 0.9414 0.9385 0.974  0.76   0.895  0.94   0.9204 0.9043 0.904
   0.9253 0.85   0.8525 0.8975 0.894  0.914  0.913 ]
  [0.954  0.927  0.9497 0.9824 0.73   0.898  0.935  0.909  0.922  0.905
   0.919  0.844  0.863  0.885  0.8945 0.905  0.895 ]
  [0.9365 0.9043 0.9414 0.9863 0.712  0.907  0.9414 0.92   0.902  0.9194
   0.9233 0.8296 0.865  0.884  0.8955 0.888  0.9033]
  [0.9585 0.9385 0.939  0.978  0.7705 0.898  0.9395 0.9263 0.915  0.901
   0.922  0.852  0.8545 0.8994 0.8984 0.9126 0.9146]
  [0.9395 0.904  0.9453 0.9863 0.7383 0.9077 0.936  0.9165 0.9106 0.919
   0.921  0.8325 0.867  0.8823 0.898  0.8813 0.886 ]]]
